# Aircraft Landing Problem Instance - airland3
# 20 aircraft, 1 runway
# Format: num_aircraft freeze_time
# For each aircraft: appearance_time target_time latest_time early_penalty late_penalty sep_1 sep_2 ... sep_n
20 0
5 80 350 12 12 3 3 4 4 5 3 3 4 4 5 3 3 4 4 5 3 3 4 4 5
15 90 360 12 12 3 3 4 4 5 3 3 4 4 5 3 3 4 4 5 3 3 4 4 5
25 100 370 18 18 4 4 5 5 6 4 4 5 5 6 4 4 5 5 6 4 4 5 5 6
35 110 380 18 18 4 4 5 5 6 4 4 5 5 6 4 4 5 5 6 4 4 5 5 6
45 120 390 18 18 5 5 6 6 7 5 5 6 6 7 5 5 6 6 7 5 5 6 6 7
55 130 400 22 22 3 3 4 4 5 3 3 4 4 5 3 3 4 4 5 3 3 4 4 5
65 140 410 22 22 3 3 4 4 5 3 3 4 4 5 3 3 4 4 5 3 3 4 4 5
75 150 420 28 28 4 4 5 5 6 4 4 5 5 6 4 4 5 5 6 4 4 5 5 6
85 160 430 28 28 4 4 5 5 6 4 4 5 5 6 4 4 5 5 6 4 4 5 5 6
95 170 440 28 28 5 5 6 6 7 5 5 6 6 7 5 5 6 6 7 5 5 6 6 7
105 180 450 32 32 3 3 4 4 5 3 3 4 4 5 3 3 4 4 5 3 3 4 4 5
115 190 460 32 32 3 3 4 4 5 3 3 4 4 5 3 3 4 4 5 3 3 4 4 5
125 200 470 36 36 4 4 5 5 6 4 4 5 5 6 4 4 5 5 6 4 4 5 5 6
135 210 480 36 36 4 4 5 5 6 4 4 5 5 6 4 4 5 5 6 4 4 5 5 6
145 220 490 36 36 5 5 6 6 7 5 5 6 6 7 5 5 6 6 7 5 5 6 6 7
155 230 500 40 40 3 3 4 4 5 3 3 4 4 5 3 3 4 4 5 3 3 4 4 5
165 240 510 40 40 3 3 4 4 5 3 3 4 4 5 3 3 4 4 5 3 3 4 4 5
175 250 520 45 45 4 4 5 5 6 4 4 5 5 6 4 4 5 5 6 4 4 5 5 6
185 260 530 45 45 4 4 5 5 6 4 4 5 5 6 4 4 5 5 6 4 4 5 5 6
195 270 540 45 45 5 5 6 6 7 5 5 6 6 7 5 5 6 6 7 5 5 6 6 7
