# Aircraft Landing Problem Instance - airland2
# 15 aircraft, 1 runway
# Format: num_aircraft freeze_time
# For each aircraft: appearance_time target_time latest_time early_penalty late_penalty sep_1 sep_2 ... sep_n
15 0
10 85 400 15 15 3 3 4 4 4 3 3 4 4 4 3 3 4 4 4
20 95 410 15 15 3 3 4 4 4 3 3 4 4 4 3 3 4 4 4
30 105 420 20 20 4 4 5 5 5 4 4 5 5 5 4 4 5 5 5
40 115 430 20 20 4 4 5 5 5 4 4 5 5 5 4 4 5 5 5
50 125 440 20 20 4 4 5 5 5 4 4 5 5 5 4 4 5 5 5
60 135 450 25 25 3 3 4 4 4 3 3 4 4 4 3 3 4 4 4
70 145 460 25 25 3 3 4 4 4 3 3 4 4 4 3 3 4 4 4
80 155 470 30 30 4 4 5 5 5 4 4 5 5 5 4 4 5 5 5
90 165 480 30 30 4 4 5 5 5 4 4 5 5 5 4 4 5 5 5
100 175 490 30 30 4 4 5 5 5 4 4 5 5 5 4 4 5 5 5
110 185 500 35 35 3 3 4 4 4 3 3 4 4 4 3 3 4 4 4
120 195 510 35 35 3 3 4 4 4 3 3 4 4 4 3 3 4 4 4
130 205 520 40 40 4 4 5 5 5 4 4 5 5 5 4 4 5 5 5
140 215 530 40 40 4 4 5 5 5 4 4 5 5 5 4 4 5 5 5
150 225 540 40 40 4 4 5 5 5 4 4 5 5 5 4 4 5 5 5
