# Aircraft Landing Problem Instance - sample_30
# 30 aircraft, 1 runway
# Format: num_aircraft freeze_time
# For each aircraft: appearance_time target_time latest_time early_penalty late_penalty sep_1 sep_2 ... sep_n
30 0.0
8 37 62 6 2 0 4 3 4 6 4 5 5 4 5 4 5 5 5 3 6 4 4 3 5 5 3 5 4 5 4 5 4 6 3
4 16 43 6 7 4 0 6 6 4 5 5 5 5 4 3 6 6 5 4 4 5 6 6 5 5 3 3 6 5 3 3 5 3 3
0 2 29 3 3 5 5 0 4 5 4 4 5 5 6 5 5 3 4 4 4 6 4 6 5 5 5 5 4 4 5 4 3 5 4
2 18 39 5 4 6 6 6 0 3 6 4 6 6 6 4 4 6 4 4 5 6 5 5 3 5 6 3 5 6 5 5 5 4 4
48 61 77 4 5 5 5 6 6 0 5 5 5 5 5 6 4 4 3 5 3 4 5 4 5 3 3 5 4 3 5 5 4 5 3
65 79 99 6 1 3 5 5 5 5 0 5 4 5 4 4 3 3 6 6 5 4 4 3 4 5 5 5 4 6 5 5 5 4 4
47 61 72 10 10 4 5 3 3 3 3 0 5 4 3 4 4 4 4 4 5 5 3 4 5 5 6 5 3 3 5 3 5 6 5
65 81 93 7 5 4 5 4 5 6 4 6 0 4 3 3 3 3 5 3 4 6 3 5 4 3 5 5 6 5 5 4 4 5 5
0 12 23 9 3 6 4 4 5 4 6 6 4 0 5 3 6 5 5 4 6 4 3 6 3 4 6 6 5 5 4 4 4 5 5
50 66 87 6 3 5 5 3 4 3 5 4 6 4 0 3 5 5 3 3 5 3 5 5 3 3 6 4 4 5 6 6 5 4 3
71 97 126 9 6 5 5 4 6 3 4 3 4 3 3 0 5 5 5 6 4 4 6 4 6 3 6 3 6 5 6 3 5 6 5
80 92 106 1 4 5 5 4 5 5 6 3 4 6 6 4 0 4 4 4 4 5 3 6 6 5 5 4 5 5 3 6 5 6 5
23 39 65 4 4 5 4 6 6 3 3 4 5 6 3 5 4 0 6 6 4 4 4 3 6 5 6 6 5 5 6 6 4 4 3
41 54 80 2 10 6 5 4 5 5 4 3 5 5 5 5 6 5 0 6 4 3 3 5 5 5 4 3 3 4 5 4 4 6 4
63 77 87 8 7 5 5 4 5 6 6 3 6 4 4 4 6 4 4 0 4 3 3 3 3 3 5 4 4 6 4 5 4 4 3
47 73 84 4 2 4 4 4 3 3 4 4 4 5 5 3 5 5 3 6 0 3 4 5 5 4 4 4 4 5 4 4 5 3 4
64 86 103 2 4 5 6 5 5 3 4 5 4 4 4 3 4 4 4 3 6 0 5 5 4 3 5 5 5 4 3 4 4 5 5
8 33 55 9 5 4 6 5 4 3 3 4 3 4 4 4 6 3 5 4 6 3 0 6 6 5 4 4 5 6 5 5 4 5 4
0 12 37 6 8 4 4 5 4 3 5 4 5 3 4 5 3 4 3 3 6 4 5 0 5 5 5 4 4 4 6 5 6 3 5
29 49 68 1 2 6 4 3 5 5 6 3 5 4 3 3 5 5 5 4 6 4 5 4 0 4 4 5 5 4 6 4 5 6 5
0 3 19 6 9 3 6 5 4 3 5 5 5 6 5 3 4 4 5 3 5 5 6 4 5 0 6 3 4 5 3 4 5 5 5
7 25 50 3 2 5 5 4 4 4 6 5 4 4 6 3 5 5 5 3 6 6 5 5 6 5 0 5 5 4 5 6 6 4 3
16 29 58 8 7 6 6 3 6 6 5 5 4 3 4 5 3 4 4 5 6 4 4 5 4 4 4 0 4 4 4 6 4 5 5
61 87 101 9 6 3 5 4 6 3 4 3 6 5 5 3 5 4 6 4 4 3 4 5 3 5 4 5 0 4 5 3 4 6 6
53 81 97 2 3 4 4 5 4 3 3 5 5 3 4 4 5 3 3 5 4 5 4 3 4 5 6 5 4 0 4 4 6 3 3
16 43 70 1 6 4 3 4 5 4 6 5 4 4 4 5 4 5 4 5 4 4 6 5 3 6 4 6 5 4 0 4 5 5 4
27 42 54 4 9 3 6 6 5 4 4 3 6 3 5 4 5 5 5 4 3 3 6 6 5 5 5 4 6 4 4 0 3 3 5
12 32 56 4 10 3 5 4 4 4 4 5 4 5 4 5 6 5 4 3 4 5 3 4 5 4 5 3 3 5 4 5 0 4 5
81 96 116 4 4 5 5 4 5 4 3 6 3 6 4 4 5 6 5 5 5 5 6 4 4 4 6 6 3 5 6 4 5 0 3
0 4 24 1 4 5 4 6 6 6 4 6 6 4 5 3 5 4 3 3 5 4 5 3 4 5 5 4 5 6 5 4 3 6 0
