# Aircraft Landing Problem Instance - sample_15
# 15 aircraft, 1 runway
# Format: num_aircraft freeze_time
# For each aircraft: appearance_time target_time latest_time early_penalty late_penalty sep_1 sep_2 ... sep_n
15 0.0
8 37 62 6 2 0 5 3 4 3 6 5 4 3 4 4 5 5 6 4
4 16 43 6 7 3 0 5 5 5 4 5 4 3 3 3 5 4 5 6
0 2 29 3 3 4 4 0 4 3 4 3 6 5 5 6 5 4 6 5
2 18 39 5 4 5 6 4 0 4 4 5 6 3 5 4 4 3 4 6
48 61 77 4 5 4 5 5 4 0 6 4 4 4 4 3 5 5 3 4
65 79 99 6 1 6 4 3 4 6 0 5 5 4 5 4 5 5 5 3
47 61 72 10 10 6 4 4 3 5 5 0 5 4 5 4 5 4 6 3
65 81 93 7 5 4 3 6 6 4 5 5 0 5 4 3 6 6 5 4
0 12 23 9 3 4 5 6 6 5 5 3 3 0 5 3 3 5 3 3
50 66 87 6 3 5 5 5 4 5 4 4 5 5 0 5 5 3 4 4
71 97 126 9 6 4 6 4 6 5 5 5 5 4 4 0 4 3 5 4
80 92 106 1 4 6 6 6 4 3 6 4 6 6 6 4 0 6 4 4
23 39 65 4 4 5 6 5 5 3 5 6 3 5 6 5 5 0 4 4
41 54 80 2 10 5 5 6 6 5 5 5 5 5 5 6 4 4 0 5
63 77 87 8 7 3 4 5 4 5 3 3 5 4 3 5 5 4 5 0
