# Schiphol Airport Landing Scenario - schiphol_3runways_heavy
# Realistic evening rush hour (18:00-20:00)
# 50 aircraft, 3 runway(s)
# Aircraft mix: 17 Heavy, 27 Medium, 6 Light
# Time unit: MINUTES from 18:00 (base time)
# Costs: EUR per MINUTE early/late
# Separation: Based on ICAO wake turbulence categories
#
# Format: num_aircraft freeze_time
# For each aircraft: appearance_time target_time latest_time early_penalty late_penalty sep_1 sep_2 ... sep_n
# Aircraft types (in order): M H L L H H M M M H M H M M L M H M M L M M H M H H H M M L M M H M H M H L M M M H M M M H M M H H
50 0.0
13.3 20.0 34.2 60 150 0.0 1.0 2.0 2.0 1.0 1.0 1.0 1.0 1.0 1.0 1.0 1.0 1.0 1.0 2.0 1.0 1.0 1.0 1.0 2.0 1.0 1.0 1.0 1.0 1.0 1.0 1.0 1.0 1.0 2.0 1.0 1.0 1.0 1.0 1.0 1.0 1.0 2.0 1.0 1.0 1.0 1.0 1.0 1.0 1.0 1.0 1.0 1.0 1.0 1.0  # A1 (Medium)
75.3 83.1 93.4 100 200 2.0 0.0 3.0 3.0 1.5 1.5 2.0 2.0 2.0 1.5 2.0 1.5 2.0 2.0 3.0 2.0 1.5 2.0 2.0 3.0 2.0 2.0 1.5 2.0 1.5 1.5 1.5 2.0 2.0 3.0 2.0 2.0 1.5 2.0 1.5 2.0 1.5 3.0 2.0 2.0 2.0 1.5 2.0 2.0 2.0 1.5 2.0 2.0 1.5 1.5  # A2 (Heavy)
2.7 11.2 27.0 30 80 1.0 1.0 0.0 1.0 1.0 1.0 1.0 1.0 1.0 1.0 1.0 1.0 1.0 1.0 1.0 1.0 1.0 1.0 1.0 1.0 1.0 1.0 1.0 1.0 1.0 1.0 1.0 1.0 1.0 1.0 1.0 1.0 1.0 1.0 1.0 1.0 1.0 1.0 1.0 1.0 1.0 1.0 1.0 1.0 1.0 1.0 1.0 1.0 1.0 1.0  # A3 (Light)
95.1 102.9 113.7 30 80 1.0 1.0 1.0 0.0 1.0 1.0 1.0 1.0 1.0 1.0 1.0 1.0 1.0 1.0 1.0 1.0 1.0 1.0 1.0 1.0 1.0 1.0 1.0 1.0 1.0 1.0 1.0 1.0 1.0 1.0 1.0 1.0 1.0 1.0 1.0 1.0 1.0 1.0 1.0 1.0 1.0 1.0 1.0 1.0 1.0 1.0 1.0 1.0 1.0 1.0  # A4 (Light)
57.4 64.1 78.8 100 200 2.0 1.5 3.0 3.0 0.0 1.5 2.0 2.0 2.0 1.5 2.0 1.5 2.0 2.0 3.0 2.0 1.5 2.0 2.0 3.0 2.0 2.0 1.5 2.0 1.5 1.5 1.5 2.0 2.0 3.0 2.0 2.0 1.5 2.0 1.5 2.0 1.5 3.0 2.0 2.0 2.0 1.5 2.0 2.0 2.0 1.5 2.0 2.0 1.5 1.5  # A5 (Heavy)
57.9 65.3 78.9 100 200 2.0 1.5 3.0 3.0 1.5 0.0 2.0 2.0 2.0 1.5 2.0 1.5 2.0 2.0 3.0 2.0 1.5 2.0 2.0 3.0 2.0 2.0 1.5 2.0 1.5 1.5 1.5 2.0 2.0 3.0 2.0 2.0 1.5 2.0 1.5 2.0 1.5 3.0 2.0 2.0 2.0 1.5 2.0 2.0 2.0 1.5 2.0 2.0 1.5 1.5  # A6 (Heavy)
8.4 17.5 29.4 60 150 1.0 1.0 2.0 2.0 1.0 1.0 0.0 1.0 1.0 1.0 1.0 1.0 1.0 1.0 2.0 1.0 1.0 1.0 1.0 2.0 1.0 1.0 1.0 1.0 1.0 1.0 1.0 1.0 1.0 2.0 1.0 1.0 1.0 1.0 1.0 1.0 1.0 2.0 1.0 1.0 1.0 1.0 1.0 1.0 1.0 1.0 1.0 1.0 1.0 1.0  # A7 (Medium)
6.4 14.9 25.3 60 150 1.0 1.0 2.0 2.0 1.0 1.0 1.0 0.0 1.0 1.0 1.0 1.0 1.0 1.0 2.0 1.0 1.0 1.0 1.0 2.0 1.0 1.0 1.0 1.0 1.0 1.0 1.0 1.0 1.0 2.0 1.0 1.0 1.0 1.0 1.0 1.0 1.0 2.0 1.0 1.0 1.0 1.0 1.0 1.0 1.0 1.0 1.0 1.0 1.0 1.0  # A8 (Medium)
80.5 86.9 99.1 60 150 1.0 1.0 2.0 2.0 1.0 1.0 1.0 1.0 0.0 1.0 1.0 1.0 1.0 1.0 2.0 1.0 1.0 1.0 1.0 2.0 1.0 1.0 1.0 1.0 1.0 1.0 1.0 1.0 1.0 2.0 1.0 1.0 1.0 1.0 1.0 1.0 1.0 2.0 1.0 1.0 1.0 1.0 1.0 1.0 1.0 1.0 1.0 1.0 1.0 1.0  # A9 (Medium)
51.7 61.1 80.8 100 200 2.0 1.5 3.0 3.0 1.5 1.5 2.0 2.0 2.0 0.0 2.0 1.5 2.0 2.0 3.0 2.0 1.5 2.0 2.0 3.0 2.0 2.0 1.5 2.0 1.5 1.5 1.5 2.0 2.0 3.0 2.0 2.0 1.5 2.0 1.5 2.0 1.5 3.0 2.0 2.0 2.0 1.5 2.0 2.0 2.0 1.5 2.0 2.0 1.5 1.5  # A10 (Heavy)
83.1 88.3 101.2 60 150 1.0 1.0 2.0 2.0 1.0 1.0 1.0 1.0 1.0 1.0 0.0 1.0 1.0 1.0 2.0 1.0 1.0 1.0 1.0 2.0 1.0 1.0 1.0 1.0 1.0 1.0 1.0 1.0 1.0 2.0 1.0 1.0 1.0 1.0 1.0 1.0 1.0 2.0 1.0 1.0 1.0 1.0 1.0 1.0 1.0 1.0 1.0 1.0 1.0 1.0  # A11 (Medium)
65.7 74.3 90.0 100 200 2.0 1.5 3.0 3.0 1.5 1.5 2.0 2.0 2.0 1.5 2.0 0.0 2.0 2.0 3.0 2.0 1.5 2.0 2.0 3.0 2.0 2.0 1.5 2.0 1.5 1.5 1.5 2.0 2.0 3.0 2.0 2.0 1.5 2.0 1.5 2.0 1.5 3.0 2.0 2.0 2.0 1.5 2.0 2.0 2.0 1.5 2.0 2.0 1.5 1.5  # A12 (Heavy)
51.3 60.8 75.4 60 150 1.0 1.0 2.0 2.0 1.0 1.0 1.0 1.0 1.0 1.0 1.0 1.0 0.0 1.0 2.0 1.0 1.0 1.0 1.0 2.0 1.0 1.0 1.0 1.0 1.0 1.0 1.0 1.0 1.0 2.0 1.0 1.0 1.0 1.0 1.0 1.0 1.0 2.0 1.0 1.0 1.0 1.0 1.0 1.0 1.0 1.0 1.0 1.0 1.0 1.0  # A13 (Medium)
79.8 85.6 95.7 60 150 1.0 1.0 2.0 2.0 1.0 1.0 1.0 1.0 1.0 1.0 1.0 1.0 1.0 0.0 2.0 1.0 1.0 1.0 1.0 2.0 1.0 1.0 1.0 1.0 1.0 1.0 1.0 1.0 1.0 2.0 1.0 1.0 1.0 1.0 1.0 1.0 1.0 2.0 1.0 1.0 1.0 1.0 1.0 1.0 1.0 1.0 1.0 1.0 1.0 1.0  # A14 (Medium)
52.3 58.6 74.8 30 80 1.0 1.0 1.0 1.0 1.0 1.0 1.0 1.0 1.0 1.0 1.0 1.0 1.0 1.0 0.0 1.0 1.0 1.0 1.0 1.0 1.0 1.0 1.0 1.0 1.0 1.0 1.0 1.0 1.0 1.0 1.0 1.0 1.0 1.0 1.0 1.0 1.0 1.0 1.0 1.0 1.0 1.0 1.0 1.0 1.0 1.0 1.0 1.0 1.0 1.0  # A15 (Light)
52.7 62.5 75.1 60 150 1.0 1.0 2.0 2.0 1.0 1.0 1.0 1.0 1.0 1.0 1.0 1.0 1.0 1.0 2.0 0.0 1.0 1.0 1.0 2.0 1.0 1.0 1.0 1.0 1.0 1.0 1.0 1.0 1.0 2.0 1.0 1.0 1.0 1.0 1.0 1.0 1.0 2.0 1.0 1.0 1.0 1.0 1.0 1.0 1.0 1.0 1.0 1.0 1.0 1.0  # A16 (Medium)
105.5 114.5 126.2 100 200 2.0 1.5 3.0 3.0 1.5 1.5 2.0 2.0 2.0 1.5 2.0 1.5 2.0 2.0 3.0 2.0 0.0 2.0 2.0 3.0 2.0 2.0 1.5 2.0 1.5 1.5 1.5 2.0 2.0 3.0 2.0 2.0 1.5 2.0 1.5 2.0 1.5 3.0 2.0 2.0 2.0 1.5 2.0 2.0 2.0 1.5 2.0 2.0 1.5 1.5  # A17 (Heavy)
77.6 85.0 95.9 60 150 1.0 1.0 2.0 2.0 1.0 1.0 1.0 1.0 1.0 1.0 1.0 1.0 1.0 1.0 2.0 1.0 1.0 0.0 1.0 2.0 1.0 1.0 1.0 1.0 1.0 1.0 1.0 1.0 1.0 2.0 1.0 1.0 1.0 1.0 1.0 1.0 1.0 2.0 1.0 1.0 1.0 1.0 1.0 1.0 1.0 1.0 1.0 1.0 1.0 1.0  # A18 (Medium)
53.8 63.6 75.9 60 150 1.0 1.0 2.0 2.0 1.0 1.0 1.0 1.0 1.0 1.0 1.0 1.0 1.0 1.0 2.0 1.0 1.0 1.0 0.0 2.0 1.0 1.0 1.0 1.0 1.0 1.0 1.0 1.0 1.0 2.0 1.0 1.0 1.0 1.0 1.0 1.0 1.0 2.0 1.0 1.0 1.0 1.0 1.0 1.0 1.0 1.0 1.0 1.0 1.0 1.0  # A19 (Medium)
13.2 19.3 38.6 30 80 1.0 1.0 1.0 1.0 1.0 1.0 1.0 1.0 1.0 1.0 1.0 1.0 1.0 1.0 1.0 1.0 1.0 1.0 1.0 0.0 1.0 1.0 1.0 1.0 1.0 1.0 1.0 1.0 1.0 1.0 1.0 1.0 1.0 1.0 1.0 1.0 1.0 1.0 1.0 1.0 1.0 1.0 1.0 1.0 1.0 1.0 1.0 1.0 1.0 1.0  # A20 (Light)
92.0 99.9 112.8 60 150 1.0 1.0 2.0 2.0 1.0 1.0 1.0 1.0 1.0 1.0 1.0 1.0 1.0 1.0 2.0 1.0 1.0 1.0 1.0 2.0 0.0 1.0 1.0 1.0 1.0 1.0 1.0 1.0 1.0 2.0 1.0 1.0 1.0 1.0 1.0 1.0 1.0 2.0 1.0 1.0 1.0 1.0 1.0 1.0 1.0 1.0 1.0 1.0 1.0 1.0  # A21 (Medium)
110.7 117.2 132.9 60 150 1.0 1.0 2.0 2.0 1.0 1.0 1.0 1.0 1.0 1.0 1.0 1.0 1.0 1.0 2.0 1.0 1.0 1.0 1.0 2.0 1.0 0.0 1.0 1.0 1.0 1.0 1.0 1.0 1.0 2.0 1.0 1.0 1.0 1.0 1.0 1.0 1.0 2.0 1.0 1.0 1.0 1.0 1.0 1.0 1.0 1.0 1.0 1.0 1.0 1.0  # A22 (Medium)
110.4 116.1 133.5 100 200 2.0 1.5 3.0 3.0 1.5 1.5 2.0 2.0 2.0 1.5 2.0 1.5 2.0 2.0 3.0 2.0 1.5 2.0 2.0 3.0 2.0 2.0 0.0 2.0 1.5 1.5 1.5 2.0 2.0 3.0 2.0 2.0 1.5 2.0 1.5 2.0 1.5 3.0 2.0 2.0 2.0 1.5 2.0 2.0 2.0 1.5 2.0 2.0 1.5 1.5  # A23 (Heavy)
83.3 91.0 108.5 60 150 1.0 1.0 2.0 2.0 1.0 1.0 1.0 1.0 1.0 1.0 1.0 1.0 1.0 1.0 2.0 1.0 1.0 1.0 1.0 2.0 1.0 1.0 1.0 0.0 1.0 1.0 1.0 1.0 1.0 2.0 1.0 1.0 1.0 1.0 1.0 1.0 1.0 2.0 1.0 1.0 1.0 1.0 1.0 1.0 1.0 1.0 1.0 1.0 1.0 1.0  # A24 (Medium)
63.4 69.2 81.6 100 200 2.0 1.5 3.0 3.0 1.5 1.5 2.0 2.0 2.0 1.5 2.0 1.5 2.0 2.0 3.0 2.0 1.5 2.0 2.0 3.0 2.0 2.0 1.5 2.0 0.0 1.5 1.5 2.0 2.0 3.0 2.0 2.0 1.5 2.0 1.5 2.0 1.5 3.0 2.0 2.0 2.0 1.5 2.0 2.0 2.0 1.5 2.0 2.0 1.5 1.5  # A25 (Heavy)
10.3 19.7 38.5 100 200 2.0 1.5 3.0 3.0 1.5 1.5 2.0 2.0 2.0 1.5 2.0 1.5 2.0 2.0 3.0 2.0 1.5 2.0 2.0 3.0 2.0 2.0 1.5 2.0 1.5 0.0 1.5 2.0 2.0 3.0 2.0 2.0 1.5 2.0 1.5 2.0 1.5 3.0 2.0 2.0 2.0 1.5 2.0 2.0 2.0 1.5 2.0 2.0 1.5 1.5  # A26 (Heavy)
80.9 87.9 105.1 100 200 2.0 1.5 3.0 3.0 1.5 1.5 2.0 2.0 2.0 1.5 2.0 1.5 2.0 2.0 3.0 2.0 1.5 2.0 2.0 3.0 2.0 2.0 1.5 2.0 1.5 1.5 0.0 2.0 2.0 3.0 2.0 2.0 1.5 2.0 1.5 2.0 1.5 3.0 2.0 2.0 2.0 1.5 2.0 2.0 2.0 1.5 2.0 2.0 1.5 1.5  # A27 (Heavy)
66.4 74.3 92.2 60 150 1.0 1.0 2.0 2.0 1.0 1.0 1.0 1.0 1.0 1.0 1.0 1.0 1.0 1.0 2.0 1.0 1.0 1.0 1.0 2.0 1.0 1.0 1.0 1.0 1.0 1.0 1.0 0.0 1.0 2.0 1.0 1.0 1.0 1.0 1.0 1.0 1.0 2.0 1.0 1.0 1.0 1.0 1.0 1.0 1.0 1.0 1.0 1.0 1.0 1.0  # A28 (Medium)
59.6 64.9 79.0 60 150 1.0 1.0 2.0 2.0 1.0 1.0 1.0 1.0 1.0 1.0 1.0 1.0 1.0 1.0 2.0 1.0 1.0 1.0 1.0 2.0 1.0 1.0 1.0 1.0 1.0 1.0 1.0 1.0 0.0 2.0 1.0 1.0 1.0 1.0 1.0 1.0 1.0 2.0 1.0 1.0 1.0 1.0 1.0 1.0 1.0 1.0 1.0 1.0 1.0 1.0  # A29 (Medium)
103.3 110.2 129.9 30 80 1.0 1.0 1.0 1.0 1.0 1.0 1.0 1.0 1.0 1.0 1.0 1.0 1.0 1.0 1.0 1.0 1.0 1.0 1.0 1.0 1.0 1.0 1.0 1.0 1.0 1.0 1.0 1.0 1.0 0.0 1.0 1.0 1.0 1.0 1.0 1.0 1.0 1.0 1.0 1.0 1.0 1.0 1.0 1.0 1.0 1.0 1.0 1.0 1.0 1.0  # A30 (Light)
100.8 106.4 120.2 60 150 1.0 1.0 2.0 2.0 1.0 1.0 1.0 1.0 1.0 1.0 1.0 1.0 1.0 1.0 2.0 1.0 1.0 1.0 1.0 2.0 1.0 1.0 1.0 1.0 1.0 1.0 1.0 1.0 1.0 2.0 0.0 1.0 1.0 1.0 1.0 1.0 1.0 2.0 1.0 1.0 1.0 1.0 1.0 1.0 1.0 1.0 1.0 1.0 1.0 1.0  # A31 (Medium)
0.0 0.4 14.1 60 150 1.0 1.0 2.0 2.0 1.0 1.0 1.0 1.0 1.0 1.0 1.0 1.0 1.0 1.0 2.0 1.0 1.0 1.0 1.0 2.0 1.0 1.0 1.0 1.0 1.0 1.0 1.0 1.0 1.0 2.0 1.0 0.0 1.0 1.0 1.0 1.0 1.0 2.0 1.0 1.0 1.0 1.0 1.0 1.0 1.0 1.0 1.0 1.0 1.0 1.0  # A32 (Medium)
59.2 68.0 84.6 100 200 2.0 1.5 3.0 3.0 1.5 1.5 2.0 2.0 2.0 1.5 2.0 1.5 2.0 2.0 3.0 2.0 1.5 2.0 2.0 3.0 2.0 2.0 1.5 2.0 1.5 1.5 1.5 2.0 2.0 3.0 2.0 2.0 0.0 2.0 1.5 2.0 1.5 3.0 2.0 2.0 2.0 1.5 2.0 2.0 2.0 1.5 2.0 2.0 1.5 1.5  # A33 (Heavy)
17.0 22.8 39.3 60 150 1.0 1.0 2.0 2.0 1.0 1.0 1.0 1.0 1.0 1.0 1.0 1.0 1.0 1.0 2.0 1.0 1.0 1.0 1.0 2.0 1.0 1.0 1.0 1.0 1.0 1.0 1.0 1.0 1.0 2.0 1.0 1.0 1.0 0.0 1.0 1.0 1.0 2.0 1.0 1.0 1.0 1.0 1.0 1.0 1.0 1.0 1.0 1.0 1.0 1.0  # A34 (Medium)
43.6 50.6 66.4 100 200 2.0 1.5 3.0 3.0 1.5 1.5 2.0 2.0 2.0 1.5 2.0 1.5 2.0 2.0 3.0 2.0 1.5 2.0 2.0 3.0 2.0 2.0 1.5 2.0 1.5 1.5 1.5 2.0 2.0 3.0 2.0 2.0 1.5 2.0 0.0 2.0 1.5 3.0 2.0 2.0 2.0 1.5 2.0 2.0 2.0 1.5 2.0 2.0 1.5 1.5  # A35 (Heavy)
13.5 19.2 34.0 60 150 1.0 1.0 2.0 2.0 1.0 1.0 1.0 1.0 1.0 1.0 1.0 1.0 1.0 1.0 2.0 1.0 1.0 1.0 1.0 2.0 1.0 1.0 1.0 1.0 1.0 1.0 1.0 1.0 1.0 2.0 1.0 1.0 1.0 1.0 1.0 0.0 1.0 2.0 1.0 1.0 1.0 1.0 1.0 1.0 1.0 1.0 1.0 1.0 1.0 1.0  # A36 (Medium)
77.4 85.3 101.0 100 200 2.0 1.5 3.0 3.0 1.5 1.5 2.0 2.0 2.0 1.5 2.0 1.5 2.0 2.0 3.0 2.0 1.5 2.0 2.0 3.0 2.0 2.0 1.5 2.0 1.5 1.5 1.5 2.0 2.0 3.0 2.0 2.0 1.5 2.0 1.5 2.0 0.0 3.0 2.0 2.0 2.0 1.5 2.0 2.0 2.0 1.5 2.0 2.0 1.5 1.5  # A37 (Heavy)
17.3 24.1 38.7 30 80 1.0 1.0 1.0 1.0 1.0 1.0 1.0 1.0 1.0 1.0 1.0 1.0 1.0 1.0 1.0 1.0 1.0 1.0 1.0 1.0 1.0 1.0 1.0 1.0 1.0 1.0 1.0 1.0 1.0 1.0 1.0 1.0 1.0 1.0 1.0 1.0 1.0 0.0 1.0 1.0 1.0 1.0 1.0 1.0 1.0 1.0 1.0 1.0 1.0 1.0  # A38 (Light)
2.9 10.9 23.1 60 150 1.0 1.0 2.0 2.0 1.0 1.0 1.0 1.0 1.0 1.0 1.0 1.0 1.0 1.0 2.0 1.0 1.0 1.0 1.0 2.0 1.0 1.0 1.0 1.0 1.0 1.0 1.0 1.0 1.0 2.0 1.0 1.0 1.0 1.0 1.0 1.0 1.0 2.0 0.0 1.0 1.0 1.0 1.0 1.0 1.0 1.0 1.0 1.0 1.0 1.0  # A39 (Medium)
70.2 77.2 93.9 60 150 1.0 1.0 2.0 2.0 1.0 1.0 1.0 1.0 1.0 1.0 1.0 1.0 1.0 1.0 2.0 1.0 1.0 1.0 1.0 2.0 1.0 1.0 1.0 1.0 1.0 1.0 1.0 1.0 1.0 2.0 1.0 1.0 1.0 1.0 1.0 1.0 1.0 2.0 1.0 0.0 1.0 1.0 1.0 1.0 1.0 1.0 1.0 1.0 1.0 1.0  # A40 (Medium)
11.0 20.6 33.6 60 150 1.0 1.0 2.0 2.0 1.0 1.0 1.0 1.0 1.0 1.0 1.0 1.0 1.0 1.0 2.0 1.0 1.0 1.0 1.0 2.0 1.0 1.0 1.0 1.0 1.0 1.0 1.0 1.0 1.0 2.0 1.0 1.0 1.0 1.0 1.0 1.0 1.0 2.0 1.0 1.0 0.0 1.0 1.0 1.0 1.0 1.0 1.0 1.0 1.0 1.0  # A41 (Medium)
8.4 15.4 32.1 100 200 2.0 1.5 3.0 3.0 1.5 1.5 2.0 2.0 2.0 1.5 2.0 1.5 2.0 2.0 3.0 2.0 1.5 2.0 2.0 3.0 2.0 2.0 1.5 2.0 1.5 1.5 1.5 2.0 2.0 3.0 2.0 2.0 1.5 2.0 1.5 2.0 1.5 3.0 2.0 2.0 2.0 0.0 2.0 2.0 2.0 1.5 2.0 2.0 1.5 1.5  # A42 (Heavy)
23.4 29.0 45.2 60 150 1.0 1.0 2.0 2.0 1.0 1.0 1.0 1.0 1.0 1.0 1.0 1.0 1.0 1.0 2.0 1.0 1.0 1.0 1.0 2.0 1.0 1.0 1.0 1.0 1.0 1.0 1.0 1.0 1.0 2.0 1.0 1.0 1.0 1.0 1.0 1.0 1.0 2.0 1.0 1.0 1.0 1.0 0.0 1.0 1.0 1.0 1.0 1.0 1.0 1.0  # A43 (Medium)
57.1 65.0 84.8 60 150 1.0 1.0 2.0 2.0 1.0 1.0 1.0 1.0 1.0 1.0 1.0 1.0 1.0 1.0 2.0 1.0 1.0 1.0 1.0 2.0 1.0 1.0 1.0 1.0 1.0 1.0 1.0 1.0 1.0 2.0 1.0 1.0 1.0 1.0 1.0 1.0 1.0 2.0 1.0 1.0 1.0 1.0 1.0 0.0 1.0 1.0 1.0 1.0 1.0 1.0  # A44 (Medium)
79.5 86.5 99.4 60 150 1.0 1.0 2.0 2.0 1.0 1.0 1.0 1.0 1.0 1.0 1.0 1.0 1.0 1.0 2.0 1.0 1.0 1.0 1.0 2.0 1.0 1.0 1.0 1.0 1.0 1.0 1.0 1.0 1.0 2.0 1.0 1.0 1.0 1.0 1.0 1.0 1.0 2.0 1.0 1.0 1.0 1.0 1.0 1.0 0.0 1.0 1.0 1.0 1.0 1.0  # A45 (Medium)
57.5 66.0 79.2 100 200 2.0 1.5 3.0 3.0 1.5 1.5 2.0 2.0 2.0 1.5 2.0 1.5 2.0 2.0 3.0 2.0 1.5 2.0 2.0 3.0 2.0 2.0 1.5 2.0 1.5 1.5 1.5 2.0 2.0 3.0 2.0 2.0 1.5 2.0 1.5 2.0 1.5 3.0 2.0 2.0 2.0 1.5 2.0 2.0 2.0 0.0 2.0 2.0 1.5 1.5  # A46 (Heavy)
56.9 63.7 73.8 60 150 1.0 1.0 2.0 2.0 1.0 1.0 1.0 1.0 1.0 1.0 1.0 1.0 1.0 1.0 2.0 1.0 1.0 1.0 1.0 2.0 1.0 1.0 1.0 1.0 1.0 1.0 1.0 1.0 1.0 2.0 1.0 1.0 1.0 1.0 1.0 1.0 1.0 2.0 1.0 1.0 1.0 1.0 1.0 1.0 1.0 1.0 0.0 1.0 1.0 1.0  # A47 (Medium)
66.8 74.3 87.1 60 150 1.0 1.0 2.0 2.0 1.0 1.0 1.0 1.0 1.0 1.0 1.0 1.0 1.0 1.0 2.0 1.0 1.0 1.0 1.0 2.0 1.0 1.0 1.0 1.0 1.0 1.0 1.0 1.0 1.0 2.0 1.0 1.0 1.0 1.0 1.0 1.0 1.0 2.0 1.0 1.0 1.0 1.0 1.0 1.0 1.0 1.0 1.0 0.0 1.0 1.0  # A48 (Medium)
48.6 57.1 74.1 100 200 2.0 1.5 3.0 3.0 1.5 1.5 2.0 2.0 2.0 1.5 2.0 1.5 2.0 2.0 3.0 2.0 1.5 2.0 2.0 3.0 2.0 2.0 1.5 2.0 1.5 1.5 1.5 2.0 2.0 3.0 2.0 2.0 1.5 2.0 1.5 2.0 1.5 3.0 2.0 2.0 2.0 1.5 2.0 2.0 2.0 1.5 2.0 2.0 0.0 1.5  # A49 (Heavy)
67.3 72.3 91.3 100 200 2.0 1.5 3.0 3.0 1.5 1.5 2.0 2.0 2.0 1.5 2.0 1.5 2.0 2.0 3.0 2.0 1.5 2.0 2.0 3.0 2.0 2.0 1.5 2.0 1.5 1.5 1.5 2.0 2.0 3.0 2.0 2.0 1.5 2.0 1.5 2.0 1.5 3.0 2.0 2.0 2.0 1.5 2.0 2.0 2.0 1.5 2.0 2.0 1.5 0.0  # A50 (Heavy)
