# Schiphol Airport Landing Scenario - schiphol_1runway_heavy
# Realistic evening rush hour (18:00-20:00)
# 35 aircraft, 1 runway(s)
# Aircraft mix: 12 Heavy, 19 Medium, 4 Light
# Time unit: MINUTES from 18:00 (base time)
# Costs: EUR per MINUTE early/late
# Separation: Based on ICAO wake turbulence categories
#
# Format: num_aircraft freeze_time
# For each aircraft: appearance_time target_time latest_time early_penalty late_penalty sep_1 sep_2 ... sep_n
# Aircraft types (in order): M H M L M M M M L H M M M H H H M M H M H M M H H M H M L M M H M H L
35 0.0
59.6 65.9 75.7 60 150 0.0 1.0 1.0 2.0 1.0 1.0 1.0 1.0 2.0 1.0 1.0 1.0 1.0 1.0 1.0 1.0 1.0 1.0 1.0 1.0 1.0 1.0 1.0 1.0 1.0 1.0 1.0 1.0 2.0 1.0 1.0 1.0 1.0 1.0 2.0  # A1 (Medium)
57.3 64.6 79.1 100 200 2.0 0.0 2.0 3.0 2.0 2.0 2.0 2.0 3.0 1.5 2.0 2.0 2.0 1.5 1.5 1.5 2.0 2.0 1.5 2.0 1.5 2.0 2.0 1.5 1.5 2.0 1.5 2.0 3.0 2.0 2.0 1.5 2.0 1.5 3.0  # A2 (Heavy)
83.9 89.9 100.0 60 150 1.0 1.0 0.0 2.0 1.0 1.0 1.0 1.0 2.0 1.0 1.0 1.0 1.0 1.0 1.0 1.0 1.0 1.0 1.0 1.0 1.0 1.0 1.0 1.0 1.0 1.0 1.0 1.0 2.0 1.0 1.0 1.0 1.0 1.0 2.0  # A3 (Medium)
107.5 111.5 117.1 30 80 1.0 1.0 1.0 0.0 1.0 1.0 1.0 1.0 1.0 1.0 1.0 1.0 1.0 1.0 1.0 1.0 1.0 1.0 1.0 1.0 1.0 1.0 1.0 1.0 1.0 1.0 1.0 1.0 1.0 1.0 1.0 1.0 1.0 1.0 1.0  # A4 (Light)
14.6 17.8 29.8 60 150 1.0 1.0 1.0 2.0 0.0 1.0 1.0 1.0 2.0 1.0 1.0 1.0 1.0 1.0 1.0 1.0 1.0 1.0 1.0 1.0 1.0 1.0 1.0 1.0 1.0 1.0 1.0 1.0 2.0 1.0 1.0 1.0 1.0 1.0 2.0  # A5 (Medium)
53.2 56.7 68.6 60 150 1.0 1.0 1.0 2.0 1.0 0.0 1.0 1.0 2.0 1.0 1.0 1.0 1.0 1.0 1.0 1.0 1.0 1.0 1.0 1.0 1.0 1.0 1.0 1.0 1.0 1.0 1.0 1.0 2.0 1.0 1.0 1.0 1.0 1.0 2.0  # A6 (Medium)
73.0 75.8 87.3 60 150 1.0 1.0 1.0 2.0 1.0 1.0 0.0 1.0 2.0 1.0 1.0 1.0 1.0 1.0 1.0 1.0 1.0 1.0 1.0 1.0 1.0 1.0 1.0 1.0 1.0 1.0 1.0 1.0 2.0 1.0 1.0 1.0 1.0 1.0 2.0  # A7 (Medium)
60.5 67.1 76.9 60 150 1.0 1.0 1.0 2.0 1.0 1.0 1.0 0.0 2.0 1.0 1.0 1.0 1.0 1.0 1.0 1.0 1.0 1.0 1.0 1.0 1.0 1.0 1.0 1.0 1.0 1.0 1.0 1.0 2.0 1.0 1.0 1.0 1.0 1.0 2.0  # A8 (Medium)
69.6 72.3 81.1 30 80 1.0 1.0 1.0 1.0 1.0 1.0 1.0 1.0 0.0 1.0 1.0 1.0 1.0 1.0 1.0 1.0 1.0 1.0 1.0 1.0 1.0 1.0 1.0 1.0 1.0 1.0 1.0 1.0 1.0 1.0 1.0 1.0 1.0 1.0 1.0  # A9 (Light)
71.7 79.7 92.5 100 200 2.0 1.5 2.0 3.0 2.0 2.0 2.0 2.0 3.0 0.0 2.0 2.0 2.0 1.5 1.5 1.5 2.0 2.0 1.5 2.0 1.5 2.0 2.0 1.5 1.5 2.0 1.5 2.0 3.0 2.0 2.0 1.5 2.0 1.5 3.0  # A10 (Heavy)
75.3 79.8 90.3 60 150 1.0 1.0 1.0 2.0 1.0 1.0 1.0 1.0 2.0 1.0 0.0 1.0 1.0 1.0 1.0 1.0 1.0 1.0 1.0 1.0 1.0 1.0 1.0 1.0 1.0 1.0 1.0 1.0 2.0 1.0 1.0 1.0 1.0 1.0 2.0  # A11 (Medium)
5.7 12.0 22.0 60 150 1.0 1.0 1.0 2.0 1.0 1.0 1.0 1.0 2.0 1.0 1.0 0.0 1.0 1.0 1.0 1.0 1.0 1.0 1.0 1.0 1.0 1.0 1.0 1.0 1.0 1.0 1.0 1.0 2.0 1.0 1.0 1.0 1.0 1.0 2.0  # A12 (Medium)
84.9 88.2 98.5 60 150 1.0 1.0 1.0 2.0 1.0 1.0 1.0 1.0 2.0 1.0 1.0 1.0 0.0 1.0 1.0 1.0 1.0 1.0 1.0 1.0 1.0 1.0 1.0 1.0 1.0 1.0 1.0 1.0 2.0 1.0 1.0 1.0 1.0 1.0 2.0  # A13 (Medium)
81.9 87.6 100.2 100 200 2.0 1.5 2.0 3.0 2.0 2.0 2.0 2.0 3.0 1.5 2.0 2.0 2.0 0.0 1.5 1.5 2.0 2.0 1.5 2.0 1.5 2.0 2.0 1.5 1.5 2.0 1.5 2.0 3.0 2.0 2.0 1.5 2.0 1.5 3.0  # A14 (Heavy)
52.9 60.6 72.3 100 200 2.0 1.5 2.0 3.0 2.0 2.0 2.0 2.0 3.0 1.5 2.0 2.0 2.0 1.5 0.0 1.5 2.0 2.0 1.5 2.0 1.5 2.0 2.0 1.5 1.5 2.0 1.5 2.0 3.0 2.0 2.0 1.5 2.0 1.5 3.0  # A15 (Heavy)
73.9 80.7 92.7 100 200 2.0 1.5 2.0 3.0 2.0 2.0 2.0 2.0 3.0 1.5 2.0 2.0 2.0 1.5 1.5 0.0 2.0 2.0 1.5 2.0 1.5 2.0 2.0 1.5 1.5 2.0 1.5 2.0 3.0 2.0 2.0 1.5 2.0 1.5 3.0  # A16 (Heavy)
84.5 87.6 97.7 60 150 1.0 1.0 1.0 2.0 1.0 1.0 1.0 1.0 2.0 1.0 1.0 1.0 1.0 1.0 1.0 1.0 0.0 1.0 1.0 1.0 1.0 1.0 1.0 1.0 1.0 1.0 1.0 1.0 2.0 1.0 1.0 1.0 1.0 1.0 2.0  # A17 (Medium)
36.7 43.0 53.8 60 150 1.0 1.0 1.0 2.0 1.0 1.0 1.0 1.0 2.0 1.0 1.0 1.0 1.0 1.0 1.0 1.0 1.0 0.0 1.0 1.0 1.0 1.0 1.0 1.0 1.0 1.0 1.0 1.0 2.0 1.0 1.0 1.0 1.0 1.0 2.0  # A18 (Medium)
81.1 89.6 99.5 100 200 2.0 1.5 2.0 3.0 2.0 2.0 2.0 2.0 3.0 1.5 2.0 2.0 2.0 1.5 1.5 1.5 2.0 2.0 0.0 2.0 1.5 2.0 2.0 1.5 1.5 2.0 1.5 2.0 3.0 2.0 2.0 1.5 2.0 1.5 3.0  # A19 (Heavy)
43.0 48.7 58.2 60 150 1.0 1.0 1.0 2.0 1.0 1.0 1.0 1.0 2.0 1.0 1.0 1.0 1.0 1.0 1.0 1.0 1.0 1.0 1.0 0.0 1.0 1.0 1.0 1.0 1.0 1.0 1.0 1.0 2.0 1.0 1.0 1.0 1.0 1.0 2.0  # A20 (Medium)
67.0 73.7 84.3 100 200 2.0 1.5 2.0 3.0 2.0 2.0 2.0 2.0 3.0 1.5 2.0 2.0 2.0 1.5 1.5 1.5 2.0 2.0 1.5 2.0 0.0 2.0 2.0 1.5 1.5 2.0 1.5 2.0 3.0 2.0 2.0 1.5 2.0 1.5 3.0  # A21 (Heavy)
75.0 78.5 89.2 60 150 1.0 1.0 1.0 2.0 1.0 1.0 1.0 1.0 2.0 1.0 1.0 1.0 1.0 1.0 1.0 1.0 1.0 1.0 1.0 1.0 1.0 0.0 1.0 1.0 1.0 1.0 1.0 1.0 2.0 1.0 1.0 1.0 1.0 1.0 2.0  # A22 (Medium)
0.0 1.1 13.0 60 150 1.0 1.0 1.0 2.0 1.0 1.0 1.0 1.0 2.0 1.0 1.0 1.0 1.0 1.0 1.0 1.0 1.0 1.0 1.0 1.0 1.0 1.0 0.0 1.0 1.0 1.0 1.0 1.0 2.0 1.0 1.0 1.0 1.0 1.0 2.0  # A23 (Medium)
6.4 14.1 23.8 100 200 2.0 1.5 2.0 3.0 2.0 2.0 2.0 2.0 3.0 1.5 2.0 2.0 2.0 1.5 1.5 1.5 2.0 2.0 1.5 2.0 1.5 2.0 2.0 0.0 1.5 2.0 1.5 2.0 3.0 2.0 2.0 1.5 2.0 1.5 3.0  # A24 (Heavy)
77.6 83.8 98.0 100 200 2.0 1.5 2.0 3.0 2.0 2.0 2.0 2.0 3.0 1.5 2.0 2.0 2.0 1.5 1.5 1.5 2.0 2.0 1.5 2.0 1.5 2.0 2.0 1.5 0.0 2.0 1.5 2.0 3.0 2.0 2.0 1.5 2.0 1.5 3.0  # A25 (Heavy)
81.1 83.8 96.7 60 150 1.0 1.0 1.0 2.0 1.0 1.0 1.0 1.0 2.0 1.0 1.0 1.0 1.0 1.0 1.0 1.0 1.0 1.0 1.0 1.0 1.0 1.0 1.0 1.0 1.0 0.0 1.0 1.0 2.0 1.0 1.0 1.0 1.0 1.0 2.0  # A26 (Medium)
26.4 35.1 47.7 100 200 2.0 1.5 2.0 3.0 2.0 2.0 2.0 2.0 3.0 1.5 2.0 2.0 2.0 1.5 1.5 1.5 2.0 2.0 1.5 2.0 1.5 2.0 2.0 1.5 1.5 2.0 0.0 2.0 3.0 2.0 2.0 1.5 2.0 1.5 3.0  # A27 (Heavy)
82.8 88.0 99.6 60 150 1.0 1.0 1.0 2.0 1.0 1.0 1.0 1.0 2.0 1.0 1.0 1.0 1.0 1.0 1.0 1.0 1.0 1.0 1.0 1.0 1.0 1.0 1.0 1.0 1.0 1.0 1.0 0.0 2.0 1.0 1.0 1.0 1.0 1.0 2.0  # A28 (Medium)
75.5 79.5 87.9 30 80 1.0 1.0 1.0 1.0 1.0 1.0 1.0 1.0 1.0 1.0 1.0 1.0 1.0 1.0 1.0 1.0 1.0 1.0 1.0 1.0 1.0 1.0 1.0 1.0 1.0 1.0 1.0 1.0 0.0 1.0 1.0 1.0 1.0 1.0 1.0  # A29 (Light)
76.4 81.2 93.5 60 150 1.0 1.0 1.0 2.0 1.0 1.0 1.0 1.0 2.0 1.0 1.0 1.0 1.0 1.0 1.0 1.0 1.0 1.0 1.0 1.0 1.0 1.0 1.0 1.0 1.0 1.0 1.0 1.0 2.0 0.0 1.0 1.0 1.0 1.0 2.0  # A30 (Medium)
5.6 11.7 21.5 60 150 1.0 1.0 1.0 2.0 1.0 1.0 1.0 1.0 2.0 1.0 1.0 1.0 1.0 1.0 1.0 1.0 1.0 1.0 1.0 1.0 1.0 1.0 1.0 1.0 1.0 1.0 1.0 1.0 2.0 1.0 0.0 1.0 1.0 1.0 2.0  # A31 (Medium)
75.0 81.4 94.8 100 200 2.0 1.5 2.0 3.0 2.0 2.0 2.0 2.0 3.0 1.5 2.0 2.0 2.0 1.5 1.5 1.5 2.0 2.0 1.5 2.0 1.5 2.0 2.0 1.5 1.5 2.0 1.5 2.0 3.0 2.0 2.0 0.0 2.0 1.5 3.0  # A32 (Heavy)
62.7 68.4 75.6 60 150 1.0 1.0 1.0 2.0 1.0 1.0 1.0 1.0 2.0 1.0 1.0 1.0 1.0 1.0 1.0 1.0 1.0 1.0 1.0 1.0 1.0 1.0 1.0 1.0 1.0 1.0 1.0 1.0 2.0 1.0 1.0 1.0 0.0 1.0 2.0  # A33 (Medium)
103.3 109.4 122.4 100 200 2.0 1.5 2.0 3.0 2.0 2.0 2.0 2.0 3.0 1.5 2.0 2.0 2.0 1.5 1.5 1.5 2.0 2.0 1.5 2.0 1.5 2.0 2.0 1.5 1.5 2.0 1.5 2.0 3.0 2.0 2.0 1.5 2.0 0.0 3.0  # A34 (Heavy)
74.7 80.2 85.8 30 80 1.0 1.0 1.0 1.0 1.0 1.0 1.0 1.0 1.0 1.0 1.0 1.0 1.0 1.0 1.0 1.0 1.0 1.0 1.0 1.0 1.0 1.0 1.0 1.0 1.0 1.0 1.0 1.0 1.0 1.0 1.0 1.0 1.0 1.0 0.0  # A35 (Light)
