# Schiphol Airport Landing Scenario - schiphol_1runway_light
# Realistic evening rush hour (18:00-20:00)
# 20 aircraft, 1 runway(s)
# Aircraft mix: 5 Heavy, 13 Medium, 2 Light
# Time unit: MINUTES from 18:00 (base time)
# Costs: EUR per MINUTE early/late
# Separation: Based on ICAO wake turbulence categories
#
# Format: num_aircraft freeze_time
# For each aircraft: appearance_time target_time latest_time early_penalty late_penalty sep_1 sep_2 ... sep_n
# Aircraft types (in order): M L M L M M M H M M M M H H M H M M H M
20 0.0
57.2 63.3 83.0 60 150 0.0 2.0 1.0 2.0 1.0 1.0 1.0 1.0 1.0 1.0 1.0 1.0 1.0 1.0 1.0 1.0 1.0 1.0 1.0 1.0  # A1 (Medium)
11.6 20.6 33.4 30 80 1.0 0.0 1.0 1.0 1.0 1.0 1.0 1.0 1.0 1.0 1.0 1.0 1.0 1.0 1.0 1.0 1.0 1.0 1.0 1.0  # A2 (Light)
103.7 112.8 126.2 60 150 1.0 2.0 0.0 2.0 1.0 1.0 1.0 1.0 1.0 1.0 1.0 1.0 1.0 1.0 1.0 1.0 1.0 1.0 1.0 1.0  # A3 (Medium)
66.2 71.2 83.7 30 80 1.0 1.0 1.0 0.0 1.0 1.0 1.0 1.0 1.0 1.0 1.0 1.0 1.0 1.0 1.0 1.0 1.0 1.0 1.0 1.0  # A4 (Light)
0.0 1.8 17.9 60 150 1.0 2.0 1.0 2.0 0.0 1.0 1.0 1.0 1.0 1.0 1.0 1.0 1.0 1.0 1.0 1.0 1.0 1.0 1.0 1.0  # A5 (Medium)
66.3 71.5 90.4 60 150 1.0 2.0 1.0 2.0 1.0 0.0 1.0 1.0 1.0 1.0 1.0 1.0 1.0 1.0 1.0 1.0 1.0 1.0 1.0 1.0  # A6 (Medium)
0.0 7.2 23.0 60 150 1.0 2.0 1.0 2.0 1.0 1.0 0.0 1.0 1.0 1.0 1.0 1.0 1.0 1.0 1.0 1.0 1.0 1.0 1.0 1.0  # A7 (Medium)
67.7 75.6 85.8 100 200 2.0 3.0 2.0 3.0 2.0 2.0 2.0 0.0 2.0 2.0 2.0 2.0 1.5 1.5 2.0 1.5 2.0 2.0 1.5 2.0  # A8 (Heavy)
67.5 76.3 88.8 60 150 1.0 2.0 1.0 2.0 1.0 1.0 1.0 1.0 0.0 1.0 1.0 1.0 1.0 1.0 1.0 1.0 1.0 1.0 1.0 1.0  # A9 (Medium)
75.7 85.6 104.4 60 150 1.0 2.0 1.0 2.0 1.0 1.0 1.0 1.0 1.0 0.0 1.0 1.0 1.0 1.0 1.0 1.0 1.0 1.0 1.0 1.0  # A10 (Medium)
71.2 78.0 91.4 60 150 1.0 2.0 1.0 2.0 1.0 1.0 1.0 1.0 1.0 1.0 0.0 1.0 1.0 1.0 1.0 1.0 1.0 1.0 1.0 1.0  # A11 (Medium)
61.9 67.1 82.2 60 150 1.0 2.0 1.0 2.0 1.0 1.0 1.0 1.0 1.0 1.0 1.0 0.0 1.0 1.0 1.0 1.0 1.0 1.0 1.0 1.0  # A12 (Medium)
69.6 77.8 89.2 100 200 2.0 3.0 2.0 3.0 2.0 2.0 2.0 1.5 2.0 2.0 2.0 2.0 0.0 1.5 2.0 1.5 2.0 2.0 1.5 2.0  # A13 (Heavy)
105.6 113.6 127.4 100 200 2.0 3.0 2.0 3.0 2.0 2.0 2.0 1.5 2.0 2.0 2.0 2.0 1.5 0.0 2.0 1.5 2.0 2.0 1.5 2.0  # A14 (Heavy)
59.7 66.1 78.6 60 150 1.0 2.0 1.0 2.0 1.0 1.0 1.0 1.0 1.0 1.0 1.0 1.0 1.0 1.0 0.0 1.0 1.0 1.0 1.0 1.0  # A15 (Medium)
79.2 89.0 105.0 100 200 2.0 3.0 2.0 3.0 2.0 2.0 2.0 1.5 2.0 2.0 2.0 2.0 1.5 1.5 2.0 0.0 2.0 2.0 1.5 2.0  # A16 (Heavy)
35.4 40.8 55.5 60 150 1.0 2.0 1.0 2.0 1.0 1.0 1.0 1.0 1.0 1.0 1.0 1.0 1.0 1.0 1.0 1.0 0.0 1.0 1.0 1.0  # A17 (Medium)
3.0 10.6 30.5 60 150 1.0 2.0 1.0 2.0 1.0 1.0 1.0 1.0 1.0 1.0 1.0 1.0 1.0 1.0 1.0 1.0 1.0 0.0 1.0 1.0  # A18 (Medium)
61.0 70.1 87.6 100 200 2.0 3.0 2.0 3.0 2.0 2.0 2.0 1.5 2.0 2.0 2.0 2.0 1.5 1.5 2.0 1.5 2.0 2.0 0.0 2.0  # A19 (Heavy)
71.3 79.0 92.0 60 150 1.0 2.0 1.0 2.0 1.0 1.0 1.0 1.0 1.0 1.0 1.0 1.0 1.0 1.0 1.0 1.0 1.0 1.0 1.0 0.0  # A20 (Medium)
