# Schiphol Airport Landing Scenario - schiphol_2runways_medium
# Realistic evening rush hour (18:00-20:00)
# 30 aircraft, 2 runway(s)
# Aircraft mix: 9 Heavy, 18 Medium, 3 Light
# Time unit: MINUTES from 18:00 (base time)
# Costs: EUR per MINUTE early/late
# Separation: Based on ICAO wake turbulence categories
#
# Format: num_aircraft freeze_time
# For each aircraft: appearance_time target_time latest_time early_penalty late_penalty sep_1 sep_2 ... sep_n
# Aircraft types (in order): M L M H H M M M H L M H L M H H M M M M H M M H M M M M M H
30 0.0
27.1 31.6 39.9 60 150 0.0 2.0 1.0 1.0 1.0 1.0 1.0 1.0 1.0 2.0 1.0 1.0 2.0 1.0 1.0 1.0 1.0 1.0 1.0 1.0 1.0 1.0 1.0 1.0 1.0 1.0 1.0 1.0 1.0 1.0  # A1 (Medium)
73.6 76.9 85.1 30 80 1.0 0.0 1.0 1.0 1.0 1.0 1.0 1.0 1.0 1.0 1.0 1.0 1.0 1.0 1.0 1.0 1.0 1.0 1.0 1.0 1.0 1.0 1.0 1.0 1.0 1.0 1.0 1.0 1.0 1.0  # A2 (Light)
103.2 108.3 117.8 60 150 1.0 2.0 0.0 1.0 1.0 1.0 1.0 1.0 1.0 2.0 1.0 1.0 2.0 1.0 1.0 1.0 1.0 1.0 1.0 1.0 1.0 1.0 1.0 1.0 1.0 1.0 1.0 1.0 1.0 1.0  # A3 (Medium)
96.5 102.1 114.6 100 200 2.0 3.0 2.0 0.0 1.5 2.0 2.0 2.0 1.5 3.0 2.0 1.5 3.0 2.0 1.5 1.5 2.0 2.0 2.0 2.0 1.5 2.0 2.0 1.5 2.0 2.0 2.0 2.0 2.0 1.5  # A4 (Heavy)
55.4 63.8 74.1 100 200 2.0 3.0 2.0 1.5 0.0 2.0 2.0 2.0 1.5 3.0 2.0 1.5 3.0 2.0 1.5 1.5 2.0 2.0 2.0 2.0 1.5 2.0 2.0 1.5 2.0 2.0 2.0 2.0 2.0 1.5  # A5 (Heavy)
10.4 16.3 25.2 60 150 1.0 2.0 1.0 1.0 1.0 0.0 1.0 1.0 1.0 2.0 1.0 1.0 2.0 1.0 1.0 1.0 1.0 1.0 1.0 1.0 1.0 1.0 1.0 1.0 1.0 1.0 1.0 1.0 1.0 1.0  # A6 (Medium)
85.0 90.0 100.8 60 150 1.0 2.0 1.0 1.0 1.0 1.0 0.0 1.0 1.0 2.0 1.0 1.0 2.0 1.0 1.0 1.0 1.0 1.0 1.0 1.0 1.0 1.0 1.0 1.0 1.0 1.0 1.0 1.0 1.0 1.0  # A7 (Medium)
111.0 116.7 125.0 60 150 1.0 2.0 1.0 1.0 1.0 1.0 1.0 0.0 1.0 2.0 1.0 1.0 2.0 1.0 1.0 1.0 1.0 1.0 1.0 1.0 1.0 1.0 1.0 1.0 1.0 1.0 1.0 1.0 1.0 1.0  # A8 (Medium)
32.5 39.0 52.2 100 200 2.0 3.0 2.0 1.5 1.5 2.0 2.0 2.0 0.0 3.0 2.0 1.5 3.0 2.0 1.5 1.5 2.0 2.0 2.0 2.0 1.5 2.0 2.0 1.5 2.0 2.0 2.0 2.0 2.0 1.5  # A9 (Heavy)
85.7 88.7 98.3 30 80 1.0 1.0 1.0 1.0 1.0 1.0 1.0 1.0 1.0 0.0 1.0 1.0 1.0 1.0 1.0 1.0 1.0 1.0 1.0 1.0 1.0 1.0 1.0 1.0 1.0 1.0 1.0 1.0 1.0 1.0  # A10 (Light)
40.1 44.3 53.0 60 150 1.0 2.0 1.0 1.0 1.0 1.0 1.0 1.0 1.0 2.0 0.0 1.0 2.0 1.0 1.0 1.0 1.0 1.0 1.0 1.0 1.0 1.0 1.0 1.0 1.0 1.0 1.0 1.0 1.0 1.0  # A11 (Medium)
65.6 69.8 84.1 100 200 2.0 3.0 2.0 1.5 1.5 2.0 2.0 2.0 1.5 3.0 2.0 0.0 3.0 2.0 1.5 1.5 2.0 2.0 2.0 2.0 1.5 2.0 2.0 1.5 2.0 2.0 2.0 2.0 2.0 1.5  # A12 (Heavy)
59.4 62.6 72.7 30 80 1.0 1.0 1.0 1.0 1.0 1.0 1.0 1.0 1.0 1.0 1.0 1.0 0.0 1.0 1.0 1.0 1.0 1.0 1.0 1.0 1.0 1.0 1.0 1.0 1.0 1.0 1.0 1.0 1.0 1.0  # A13 (Light)
87.7 91.8 101.9 60 150 1.0 2.0 1.0 1.0 1.0 1.0 1.0 1.0 1.0 2.0 1.0 1.0 2.0 0.0 1.0 1.0 1.0 1.0 1.0 1.0 1.0 1.0 1.0 1.0 1.0 1.0 1.0 1.0 1.0 1.0  # A14 (Medium)
56.8 63.7 75.5 100 200 2.0 3.0 2.0 1.5 1.5 2.0 2.0 2.0 1.5 3.0 2.0 1.5 3.0 2.0 0.0 1.5 2.0 2.0 2.0 2.0 1.5 2.0 2.0 1.5 2.0 2.0 2.0 2.0 2.0 1.5  # A15 (Heavy)
56.5 62.6 76.8 100 200 2.0 3.0 2.0 1.5 1.5 2.0 2.0 2.0 1.5 3.0 2.0 1.5 3.0 2.0 1.5 0.0 2.0 2.0 2.0 2.0 1.5 2.0 2.0 1.5 2.0 2.0 2.0 2.0 2.0 1.5  # A16 (Heavy)
93.8 97.0 107.3 60 150 1.0 2.0 1.0 1.0 1.0 1.0 1.0 1.0 1.0 2.0 1.0 1.0 2.0 1.0 1.0 1.0 0.0 1.0 1.0 1.0 1.0 1.0 1.0 1.0 1.0 1.0 1.0 1.0 1.0 1.0  # A17 (Medium)
76.4 79.8 91.0 60 150 1.0 2.0 1.0 1.0 1.0 1.0 1.0 1.0 1.0 2.0 1.0 1.0 2.0 1.0 1.0 1.0 1.0 0.0 1.0 1.0 1.0 1.0 1.0 1.0 1.0 1.0 1.0 1.0 1.0 1.0  # A18 (Medium)
85.3 87.6 99.3 60 150 1.0 2.0 1.0 1.0 1.0 1.0 1.0 1.0 1.0 2.0 1.0 1.0 2.0 1.0 1.0 1.0 1.0 1.0 0.0 1.0 1.0 1.0 1.0 1.0 1.0 1.0 1.0 1.0 1.0 1.0  # A19 (Medium)
20.7 28.5 36.2 60 150 1.0 2.0 1.0 1.0 1.0 1.0 1.0 1.0 1.0 2.0 1.0 1.0 2.0 1.0 1.0 1.0 1.0 1.0 1.0 0.0 1.0 1.0 1.0 1.0 1.0 1.0 1.0 1.0 1.0 1.0  # A20 (Medium)
79.4 87.4 96.5 100 200 2.0 3.0 2.0 1.5 1.5 2.0 2.0 2.0 1.5 3.0 2.0 1.5 3.0 2.0 1.5 1.5 2.0 2.0 2.0 2.0 0.0 2.0 2.0 1.5 2.0 2.0 2.0 2.0 2.0 1.5  # A21 (Heavy)
54.0 57.1 69.1 60 150 1.0 2.0 1.0 1.0 1.0 1.0 1.0 1.0 1.0 2.0 1.0 1.0 2.0 1.0 1.0 1.0 1.0 1.0 1.0 1.0 1.0 0.0 1.0 1.0 1.0 1.0 1.0 1.0 1.0 1.0  # A22 (Medium)
110.5 116.3 124.1 60 150 1.0 2.0 1.0 1.0 1.0 1.0 1.0 1.0 1.0 2.0 1.0 1.0 2.0 1.0 1.0 1.0 1.0 1.0 1.0 1.0 1.0 1.0 0.0 1.0 1.0 1.0 1.0 1.0 1.0 1.0  # A23 (Medium)
70.9 78.4 88.7 100 200 2.0 3.0 2.0 1.5 1.5 2.0 2.0 2.0 1.5 3.0 2.0 1.5 3.0 2.0 1.5 1.5 2.0 2.0 2.0 2.0 1.5 2.0 2.0 0.0 2.0 2.0 2.0 2.0 2.0 1.5  # A24 (Heavy)
73.1 77.2 87.9 60 150 1.0 2.0 1.0 1.0 1.0 1.0 1.0 1.0 1.0 2.0 1.0 1.0 2.0 1.0 1.0 1.0 1.0 1.0 1.0 1.0 1.0 1.0 1.0 1.0 0.0 1.0 1.0 1.0 1.0 1.0  # A25 (Medium)
81.4 87.7 98.1 60 150 1.0 2.0 1.0 1.0 1.0 1.0 1.0 1.0 1.0 2.0 1.0 1.0 2.0 1.0 1.0 1.0 1.0 1.0 1.0 1.0 1.0 1.0 1.0 1.0 1.0 0.0 1.0 1.0 1.0 1.0  # A26 (Medium)
2.6 9.8 19.5 60 150 1.0 2.0 1.0 1.0 1.0 1.0 1.0 1.0 1.0 2.0 1.0 1.0 2.0 1.0 1.0 1.0 1.0 1.0 1.0 1.0 1.0 1.0 1.0 1.0 1.0 1.0 0.0 1.0 1.0 1.0  # A27 (Medium)
95.3 100.9 110.1 60 150 1.0 2.0 1.0 1.0 1.0 1.0 1.0 1.0 1.0 2.0 1.0 1.0 2.0 1.0 1.0 1.0 1.0 1.0 1.0 1.0 1.0 1.0 1.0 1.0 1.0 1.0 1.0 0.0 1.0 1.0  # A28 (Medium)
68.9 74.8 85.3 60 150 1.0 2.0 1.0 1.0 1.0 1.0 1.0 1.0 1.0 2.0 1.0 1.0 2.0 1.0 1.0 1.0 1.0 1.0 1.0 1.0 1.0 1.0 1.0 1.0 1.0 1.0 1.0 1.0 0.0 1.0  # A29 (Medium)
49.4 57.6 67.7 100 200 2.0 3.0 2.0 1.5 1.5 2.0 2.0 2.0 1.5 3.0 2.0 1.5 3.0 2.0 1.5 1.5 2.0 2.0 2.0 2.0 1.5 2.0 2.0 1.5 2.0 2.0 2.0 2.0 2.0 0.0  # A30 (Heavy)
