49 0.0
14.75 39.75 64.75 100 200 1.0 1.3333333333333333 1.0 1.0 1.6666666666666667 1.0 1.3333333333333333 1.6666666666666667 1.3333333333333333 1.0 1.3333333333333333 1.0 1.3333333333333333 1.3333333333333333 1.0 2.0 1.3333333333333333 1.0 1.3333333333333333 1.6666666666666667 1.6666666666666667 1.3333333333333333 1.0 1.3333333333333333 1.0 1.0 1.3333333333333333 1.3333333333333333 1.0 1.3333333333333333 1.3333333333333333 1.3333333333333333 1.3333333333333333 1.3333333333333333 1.0 1.0 1.0 1.3333333333333333 1.6666666666666667 1.6666666666666667 1.0 1.3333333333333333 1.0 1.0 1.3333333333333333 1.0 1.3333333333333333 1.0 1.3333333333333333  # 1 B787-9 CAT-C
57.08 77.08 97.08 60 150 1.0 1.0 1.0 1.0 1.0 1.0 1.0 1.0 1.0 1.0 1.0 1.0 1.0 1.0 1.0 2.0 1.0 1.0 1.0 1.0 1.0 1.0 1.0 1.0 1.0 1.0 1.0 1.0 1.0 1.0 1.0 1.0 1.0 1.0 1.0 1.0 1.0 1.0 1.0 1.0 1.0 1.0 1.0 1.0 1.0 1.0 1.0 1.0 1.0  # 2 B737-800 CAT-D
71.87 96.87 120.00 100 200 1.0 1.3333333333333333 1.0 1.0 1.6666666666666667 1.0 1.3333333333333333 1.6666666666666667 1.3333333333333333 1.0 1.3333333333333333 1.0 1.3333333333333333 1.3333333333333333 1.0 2.0 1.3333333333333333 1.0 1.3333333333333333 1.6666666666666667 1.6666666666666667 1.3333333333333333 1.0 1.3333333333333333 1.0 1.0 1.3333333333333333 1.3333333333333333 1.0 1.3333333333333333 1.3333333333333333 1.3333333333333333 1.3333333333333333 1.3333333333333333 1.0 1.0 1.0 1.3333333333333333 1.6666666666666667 1.6666666666666667 1.0 1.3333333333333333 1.0 1.0 1.3333333333333333 1.0 1.3333333333333333 1.0 1.3333333333333333  # 3 A300-600 CAT-C
54.81 79.81 104.81 100 200 1.0 1.3333333333333333 1.0 1.0 1.6666666666666667 1.0 1.3333333333333333 1.6666666666666667 1.3333333333333333 1.0 1.3333333333333333 1.0 1.3333333333333333 1.3333333333333333 1.0 2.0 1.3333333333333333 1.0 1.3333333333333333 1.6666666666666667 1.6666666666666667 1.3333333333333333 1.0 1.3333333333333333 1.0 1.0 1.3333333333333333 1.3333333333333333 1.0 1.3333333333333333 1.3333333333333333 1.3333333333333333 1.3333333333333333 1.3333333333333333 1.0 1.0 1.0 1.3333333333333333 1.6666666666666667 1.6666666666666667 1.0 1.3333333333333333 1.0 1.0 1.3333333333333333 1.0 1.3333333333333333 1.0 1.3333333333333333  # 4 A330-300 CAT-C
20.33 40.33 60.33 40 100 1.0 1.0 1.0 1.0 1.0 1.0 1.0 1.0 1.0 1.0 1.0 1.0 1.0 1.0 1.0 1.6666666666666667 1.0 1.0 1.0 1.0 1.0 1.0 1.0 1.0 1.0 1.0 1.0 1.0 1.0 1.0 1.0 1.0 1.0 1.0 1.0 1.0 1.0 1.0 1.0 1.0 1.0 1.0 1.0 1.0 1.0 1.0 1.0 1.0 1.0  # 5 E190 CAT-E
56.87 81.87 106.87 100 200 1.0 1.3333333333333333 1.0 1.0 1.6666666666666667 1.0 1.3333333333333333 1.6666666666666667 1.3333333333333333 1.0 1.3333333333333333 1.0 1.3333333333333333 1.3333333333333333 1.0 2.0 1.3333333333333333 1.0 1.3333333333333333 1.6666666666666667 1.6666666666666667 1.3333333333333333 1.0 1.3333333333333333 1.0 1.0 1.3333333333333333 1.3333333333333333 1.0 1.3333333333333333 1.3333333333333333 1.3333333333333333 1.3333333333333333 1.3333333333333333 1.0 1.0 1.0 1.3333333333333333 1.6666666666666667 1.6666666666666667 1.0 1.3333333333333333 1.0 1.0 1.3333333333333333 1.0 1.3333333333333333 1.0 1.3333333333333333  # 6 A330-300 CAT-C
10.64 30.64 50.64 60 150 1.0 1.0 1.0 1.0 1.0 1.0 1.0 1.0 1.0 1.0 1.0 1.0 1.0 1.0 1.0 2.0 1.0 1.0 1.0 1.0 1.0 1.0 1.0 1.0 1.0 1.0 1.0 1.0 1.0 1.0 1.0 1.0 1.0 1.0 1.0 1.0 1.0 1.0 1.0 1.0 1.0 1.0 1.0 1.0 1.0 1.0 1.0 1.0 1.0  # 7 A320-200 CAT-D
41.48 61.48 81.48 40 100 1.0 1.0 1.0 1.0 1.0 1.0 1.0 1.0 1.0 1.0 1.0 1.0 1.0 1.0 1.0 1.6666666666666667 1.0 1.0 1.0 1.0 1.0 1.0 1.0 1.0 1.0 1.0 1.0 1.0 1.0 1.0 1.0 1.0 1.0 1.0 1.0 1.0 1.0 1.0 1.0 1.0 1.0 1.0 1.0 1.0 1.0 1.0 1.0 1.0 1.0  # 8 E190 CAT-E
68.53 88.53 108.53 60 150 1.0 1.0 1.0 1.0 1.0 1.0 1.0 1.0 1.0 1.0 1.0 1.0 1.0 1.0 1.0 2.0 1.0 1.0 1.0 1.0 1.0 1.0 1.0 1.0 1.0 1.0 1.0 1.0 1.0 1.0 1.0 1.0 1.0 1.0 1.0 1.0 1.0 1.0 1.0 1.0 1.0 1.0 1.0 1.0 1.0 1.0 1.0 1.0 1.0  # 9 B737-800 CAT-D
37.32 62.32 87.32 120 250 1.0 1.6666666666666667 1.0 1.0 2.0 1.0 1.6666666666666667 2.0 1.6666666666666667 1.0 1.6666666666666667 1.0 1.6666666666666667 1.6666666666666667 1.0 2.3333333333333335 1.6666666666666667 1.0 1.6666666666666667 2.0 2.0 1.6666666666666667 1.0 1.6666666666666667 1.0 1.0 1.6666666666666667 1.6666666666666667 1.0 1.6666666666666667 1.6666666666666667 1.6666666666666667 1.6666666666666667 1.6666666666666667 1.0 1.0 1.0 1.6666666666666667 2.0 2.0 1.0 1.6666666666666667 1.0 1.0 1.6666666666666667 1.0 1.6666666666666667 1.0 1.6666666666666667  # 10 B747-400 CAT-B
72.09 92.09 112.09 60 150 1.0 1.0 1.0 1.0 1.0 1.0 1.0 1.0 1.0 1.0 1.0 1.0 1.0 1.0 1.0 2.0 1.0 1.0 1.0 1.0 1.0 1.0 1.0 1.0 1.0 1.0 1.0 1.0 1.0 1.0 1.0 1.0 1.0 1.0 1.0 1.0 1.0 1.0 1.0 1.0 1.0 1.0 1.0 1.0 1.0 1.0 1.0 1.0 1.0  # 11 B737-800 CAT-D
79.25 104.25 120.00 120 250 1.0 1.6666666666666667 1.0 1.0 2.0 1.0 1.6666666666666667 2.0 1.6666666666666667 1.0 1.6666666666666667 1.0 1.6666666666666667 1.6666666666666667 1.0 2.3333333333333335 1.6666666666666667 1.0 1.6666666666666667 2.0 2.0 1.6666666666666667 1.0 1.6666666666666667 1.0 1.0 1.6666666666666667 1.6666666666666667 1.0 1.6666666666666667 1.6666666666666667 1.6666666666666667 1.6666666666666667 1.6666666666666667 1.0 1.0 1.0 1.6666666666666667 2.0 2.0 1.0 1.6666666666666667 1.0 1.0 1.6666666666666667 1.0 1.6666666666666667 1.0 1.6666666666666667  # 12 B747-400 CAT-B
75.49 95.49 115.49 60 150 1.0 1.0 1.0 1.0 1.0 1.0 1.0 1.0 1.0 1.0 1.0 1.0 1.0 1.0 1.0 2.0 1.0 1.0 1.0 1.0 1.0 1.0 1.0 1.0 1.0 1.0 1.0 1.0 1.0 1.0 1.0 1.0 1.0 1.0 1.0 1.0 1.0 1.0 1.0 1.0 1.0 1.0 1.0 1.0 1.0 1.0 1.0 1.0 1.0  # 13 A320-200 CAT-D
60.34 80.34 100.34 60 150 1.0 1.0 1.0 1.0 1.0 1.0 1.0 1.0 1.0 1.0 1.0 1.0 1.0 1.0 1.0 2.0 1.0 1.0 1.0 1.0 1.0 1.0 1.0 1.0 1.0 1.0 1.0 1.0 1.0 1.0 1.0 1.0 1.0 1.0 1.0 1.0 1.0 1.0 1.0 1.0 1.0 1.0 1.0 1.0 1.0 1.0 1.0 1.0 1.0  # 14 A320-200 CAT-D
62.37 87.37 112.37 100 200 1.0 1.3333333333333333 1.0 1.0 1.6666666666666667 1.0 1.3333333333333333 1.6666666666666667 1.3333333333333333 1.0 1.3333333333333333 1.0 1.3333333333333333 1.3333333333333333 1.0 2.0 1.3333333333333333 1.0 1.3333333333333333 1.6666666666666667 1.6666666666666667 1.3333333333333333 1.0 1.3333333333333333 1.0 1.0 1.3333333333333333 1.3333333333333333 1.0 1.3333333333333333 1.3333333333333333 1.3333333333333333 1.3333333333333333 1.3333333333333333 1.0 1.0 1.0 1.3333333333333333 1.6666666666666667 1.6666666666666667 1.0 1.3333333333333333 1.0 1.0 1.3333333333333333 1.0 1.3333333333333333 1.0 1.3333333333333333  # 15 A330-300 CAT-C
69.13 89.13 109.13 30 80 1.0 1.0 1.0 1.0 1.0 1.0 1.0 1.0 1.0 1.0 1.0 1.0 1.0 1.0 1.0 1.3333333333333333 1.0 1.0 1.0 1.0 1.0 1.0 1.0 1.0 1.0 1.0 1.0 1.0 1.0 1.0 1.0 1.0 1.0 1.0 1.0 1.0 1.0 1.0 1.0 1.0 1.0 1.0 1.0 1.0 1.0 1.0 1.0 1.0 1.0  # 16 Learjet 45 CAT-F
11.13 31.13 51.13 60 150 1.0 1.0 1.0 1.0 1.0 1.0 1.0 1.0 1.0 1.0 1.0 1.0 1.0 1.0 1.0 2.0 1.0 1.0 1.0 1.0 1.0 1.0 1.0 1.0 1.0 1.0 1.0 1.0 1.0 1.0 1.0 1.0 1.0 1.0 1.0 1.0 1.0 1.0 1.0 1.0 1.0 1.0 1.0 1.0 1.0 1.0 1.0 1.0 1.0  # 17 B737-800 CAT-D
41.82 66.82 91.82 100 200 1.0 1.3333333333333333 1.0 1.0 1.6666666666666667 1.0 1.3333333333333333 1.6666666666666667 1.3333333333333333 1.0 1.3333333333333333 1.0 1.3333333333333333 1.3333333333333333 1.0 2.0 1.3333333333333333 1.0 1.3333333333333333 1.6666666666666667 1.6666666666666667 1.3333333333333333 1.0 1.3333333333333333 1.0 1.0 1.3333333333333333 1.3333333333333333 1.0 1.3333333333333333 1.3333333333333333 1.3333333333333333 1.3333333333333333 1.3333333333333333 1.0 1.0 1.0 1.3333333333333333 1.6666666666666667 1.6666666666666667 1.0 1.3333333333333333 1.0 1.0 1.3333333333333333 1.0 1.3333333333333333 1.0 1.3333333333333333  # 18 B787-9 CAT-C
94.58 114.58 120.00 60 150 1.0 1.0 1.0 1.0 1.0 1.0 1.0 1.0 1.0 1.0 1.0 1.0 1.0 1.0 1.0 2.0 1.0 1.0 1.0 1.0 1.0 1.0 1.0 1.0 1.0 1.0 1.0 1.0 1.0 1.0 1.0 1.0 1.0 1.0 1.0 1.0 1.0 1.0 1.0 1.0 1.0 1.0 1.0 1.0 1.0 1.0 1.0 1.0 1.0  # 19 B737-800 CAT-D
59.89 79.89 99.89 40 100 1.0 1.0 1.0 1.0 1.0 1.0 1.0 1.0 1.0 1.0 1.0 1.0 1.0 1.0 1.0 1.6666666666666667 1.0 1.0 1.0 1.0 1.0 1.0 1.0 1.0 1.0 1.0 1.0 1.0 1.0 1.0 1.0 1.0 1.0 1.0 1.0 1.0 1.0 1.0 1.0 1.0 1.0 1.0 1.0 1.0 1.0 1.0 1.0 1.0 1.0  # 20 ATR-72 CAT-E
0.00 8.69 28.69 40 100 1.0 1.0 1.0 1.0 1.0 1.0 1.0 1.0 1.0 1.0 1.0 1.0 1.0 1.0 1.0 1.6666666666666667 1.0 1.0 1.0 1.0 1.0 1.0 1.0 1.0 1.0 1.0 1.0 1.0 1.0 1.0 1.0 1.0 1.0 1.0 1.0 1.0 1.0 1.0 1.0 1.0 1.0 1.0 1.0 1.0 1.0 1.0 1.0 1.0 1.0  # 21 E190 CAT-E
86.62 106.62 120.00 60 150 1.0 1.0 1.0 1.0 1.0 1.0 1.0 1.0 1.0 1.0 1.0 1.0 1.0 1.0 1.0 2.0 1.0 1.0 1.0 1.0 1.0 1.0 1.0 1.0 1.0 1.0 1.0 1.0 1.0 1.0 1.0 1.0 1.0 1.0 1.0 1.0 1.0 1.0 1.0 1.0 1.0 1.0 1.0 1.0 1.0 1.0 1.0 1.0 1.0  # 22 B737-800 CAT-D
36.81 61.81 86.81 100 200 1.0 1.3333333333333333 1.0 1.0 1.6666666666666667 1.0 1.3333333333333333 1.6666666666666667 1.3333333333333333 1.0 1.3333333333333333 1.0 1.3333333333333333 1.3333333333333333 1.0 2.0 1.3333333333333333 1.0 1.3333333333333333 1.6666666666666667 1.6666666666666667 1.3333333333333333 1.0 1.3333333333333333 1.0 1.0 1.3333333333333333 1.3333333333333333 1.0 1.3333333333333333 1.3333333333333333 1.3333333333333333 1.3333333333333333 1.3333333333333333 1.0 1.0 1.0 1.3333333333333333 1.6666666666666667 1.6666666666666667 1.0 1.3333333333333333 1.0 1.0 1.3333333333333333 1.0 1.3333333333333333 1.0 1.3333333333333333  # 23 B787-9 CAT-C
86.36 106.36 120.00 60 150 1.0 1.0 1.0 1.0 1.0 1.0 1.0 1.0 1.0 1.0 1.0 1.0 1.0 1.0 1.0 2.0 1.0 1.0 1.0 1.0 1.0 1.0 1.0 1.0 1.0 1.0 1.0 1.0 1.0 1.0 1.0 1.0 1.0 1.0 1.0 1.0 1.0 1.0 1.0 1.0 1.0 1.0 1.0 1.0 1.0 1.0 1.0 1.0 1.0  # 24 B737-800 CAT-D
66.41 91.41 116.41 100 200 1.0 1.3333333333333333 1.0 1.0 1.6666666666666667 1.0 1.3333333333333333 1.6666666666666667 1.3333333333333333 1.0 1.3333333333333333 1.0 1.3333333333333333 1.3333333333333333 1.0 2.0 1.3333333333333333 1.0 1.3333333333333333 1.6666666666666667 1.6666666666666667 1.3333333333333333 1.0 1.3333333333333333 1.0 1.0 1.3333333333333333 1.3333333333333333 1.0 1.3333333333333333 1.3333333333333333 1.3333333333333333 1.3333333333333333 1.3333333333333333 1.0 1.0 1.0 1.3333333333333333 1.6666666666666667 1.6666666666666667 1.0 1.3333333333333333 1.0 1.0 1.3333333333333333 1.0 1.3333333333333333 1.0 1.3333333333333333  # 25 A330-300 CAT-C
86.97 111.97 120.00 120 250 1.0 1.6666666666666667 1.0 1.0 2.0 1.0 1.6666666666666667 2.0 1.6666666666666667 1.0 1.6666666666666667 1.0 1.6666666666666667 1.6666666666666667 1.0 2.3333333333333335 1.6666666666666667 1.0 1.6666666666666667 2.0 2.0 1.6666666666666667 1.0 1.6666666666666667 1.0 1.0 1.6666666666666667 1.6666666666666667 1.0 1.6666666666666667 1.6666666666666667 1.6666666666666667 1.6666666666666667 1.6666666666666667 1.0 1.0 1.0 1.6666666666666667 2.0 2.0 1.0 1.6666666666666667 1.0 1.0 1.6666666666666667 1.0 1.6666666666666667 1.0 1.6666666666666667  # 26 B777-300ER CAT-B
44.79 64.79 84.79 60 150 1.0 1.0 1.0 1.0 1.0 1.0 1.0 1.0 1.0 1.0 1.0 1.0 1.0 1.0 1.0 2.0 1.0 1.0 1.0 1.0 1.0 1.0 1.0 1.0 1.0 1.0 1.0 1.0 1.0 1.0 1.0 1.0 1.0 1.0 1.0 1.0 1.0 1.0 1.0 1.0 1.0 1.0 1.0 1.0 1.0 1.0 1.0 1.0 1.0  # 27 B737-800 CAT-D
57.10 77.10 97.10 60 150 1.0 1.0 1.0 1.0 1.0 1.0 1.0 1.0 1.0 1.0 1.0 1.0 1.0 1.0 1.0 2.0 1.0 1.0 1.0 1.0 1.0 1.0 1.0 1.0 1.0 1.0 1.0 1.0 1.0 1.0 1.0 1.0 1.0 1.0 1.0 1.0 1.0 1.0 1.0 1.0 1.0 1.0 1.0 1.0 1.0 1.0 1.0 1.0 1.0  # 28 B737-800 CAT-D
46.69 71.69 96.69 100 200 1.0 1.3333333333333333 1.0 1.0 1.6666666666666667 1.0 1.3333333333333333 1.6666666666666667 1.3333333333333333 1.0 1.3333333333333333 1.0 1.3333333333333333 1.3333333333333333 1.0 2.0 1.3333333333333333 1.0 1.3333333333333333 1.6666666666666667 1.6666666666666667 1.3333333333333333 1.0 1.3333333333333333 1.0 1.0 1.3333333333333333 1.3333333333333333 1.0 1.3333333333333333 1.3333333333333333 1.3333333333333333 1.3333333333333333 1.3333333333333333 1.0 1.0 1.0 1.3333333333333333 1.6666666666666667 1.6666666666666667 1.0 1.3333333333333333 1.0 1.0 1.3333333333333333 1.0 1.3333333333333333 1.0 1.3333333333333333  # 29 B767-300 CAT-C
74.86 94.86 114.86 60 150 1.0 1.0 1.0 1.0 1.0 1.0 1.0 1.0 1.0 1.0 1.0 1.0 1.0 1.0 1.0 2.0 1.0 1.0 1.0 1.0 1.0 1.0 1.0 1.0 1.0 1.0 1.0 1.0 1.0 1.0 1.0 1.0 1.0 1.0 1.0 1.0 1.0 1.0 1.0 1.0 1.0 1.0 1.0 1.0 1.0 1.0 1.0 1.0 1.0  # 30 A320-200 CAT-D
77.19 97.19 117.19 60 150 1.0 1.0 1.0 1.0 1.0 1.0 1.0 1.0 1.0 1.0 1.0 1.0 1.0 1.0 1.0 2.0 1.0 1.0 1.0 1.0 1.0 1.0 1.0 1.0 1.0 1.0 1.0 1.0 1.0 1.0 1.0 1.0 1.0 1.0 1.0 1.0 1.0 1.0 1.0 1.0 1.0 1.0 1.0 1.0 1.0 1.0 1.0 1.0 1.0  # 31 B737-800 CAT-D
41.26 61.26 81.26 60 150 1.0 1.0 1.0 1.0 1.0 1.0 1.0 1.0 1.0 1.0 1.0 1.0 1.0 1.0 1.0 2.0 1.0 1.0 1.0 1.0 1.0 1.0 1.0 1.0 1.0 1.0 1.0 1.0 1.0 1.0 1.0 1.0 1.0 1.0 1.0 1.0 1.0 1.0 1.0 1.0 1.0 1.0 1.0 1.0 1.0 1.0 1.0 1.0 1.0  # 32 B737-800 CAT-D
75.70 95.70 115.70 60 150 1.0 1.0 1.0 1.0 1.0 1.0 1.0 1.0 1.0 1.0 1.0 1.0 1.0 1.0 1.0 2.0 1.0 1.0 1.0 1.0 1.0 1.0 1.0 1.0 1.0 1.0 1.0 1.0 1.0 1.0 1.0 1.0 1.0 1.0 1.0 1.0 1.0 1.0 1.0 1.0 1.0 1.0 1.0 1.0 1.0 1.0 1.0 1.0 1.0  # 33 A320-200 CAT-D
53.01 73.01 93.01 60 150 1.0 1.0 1.0 1.0 1.0 1.0 1.0 1.0 1.0 1.0 1.0 1.0 1.0 1.0 1.0 2.0 1.0 1.0 1.0 1.0 1.0 1.0 1.0 1.0 1.0 1.0 1.0 1.0 1.0 1.0 1.0 1.0 1.0 1.0 1.0 1.0 1.0 1.0 1.0 1.0 1.0 1.0 1.0 1.0 1.0 1.0 1.0 1.0 1.0  # 34 B737-800 CAT-D
45.85 70.85 95.85 100 200 1.0 1.3333333333333333 1.0 1.0 1.6666666666666667 1.0 1.3333333333333333 1.6666666666666667 1.3333333333333333 1.0 1.3333333333333333 1.0 1.3333333333333333 1.3333333333333333 1.0 2.0 1.3333333333333333 1.0 1.3333333333333333 1.6666666666666667 1.6666666666666667 1.3333333333333333 1.0 1.3333333333333333 1.0 1.0 1.3333333333333333 1.3333333333333333 1.0 1.3333333333333333 1.3333333333333333 1.3333333333333333 1.3333333333333333 1.3333333333333333 1.0 1.0 1.0 1.3333333333333333 1.6666666666666667 1.6666666666666667 1.0 1.3333333333333333 1.0 1.0 1.3333333333333333 1.0 1.3333333333333333 1.0 1.3333333333333333  # 35 A330-300 CAT-C
46.24 71.24 96.24 100 200 1.0 1.3333333333333333 1.0 1.0 1.6666666666666667 1.0 1.3333333333333333 1.6666666666666667 1.3333333333333333 1.0 1.3333333333333333 1.0 1.3333333333333333 1.3333333333333333 1.0 2.0 1.3333333333333333 1.0 1.3333333333333333 1.6666666666666667 1.6666666666666667 1.3333333333333333 1.0 1.3333333333333333 1.0 1.0 1.3333333333333333 1.3333333333333333 1.0 1.3333333333333333 1.3333333333333333 1.3333333333333333 1.3333333333333333 1.3333333333333333 1.0 1.0 1.0 1.3333333333333333 1.6666666666666667 1.6666666666666667 1.0 1.3333333333333333 1.0 1.0 1.3333333333333333 1.0 1.3333333333333333 1.0 1.3333333333333333  # 36 B767-300 CAT-C
63.32 88.32 113.32 120 250 1.0 1.6666666666666667 1.0 1.0 2.0 1.0 1.6666666666666667 2.0 1.6666666666666667 1.0 1.6666666666666667 1.0 1.6666666666666667 1.6666666666666667 1.0 2.3333333333333335 1.6666666666666667 1.0 1.6666666666666667 2.0 2.0 1.6666666666666667 1.0 1.6666666666666667 1.0 1.0 1.6666666666666667 1.6666666666666667 1.0 1.6666666666666667 1.6666666666666667 1.6666666666666667 1.6666666666666667 1.6666666666666667 1.0 1.0 1.0 1.6666666666666667 2.0 2.0 1.0 1.6666666666666667 1.0 1.0 1.6666666666666667 1.0 1.6666666666666667 1.0 1.6666666666666667  # 37 B777-300ER CAT-B
70.84 90.84 110.84 60 150 1.0 1.0 1.0 1.0 1.0 1.0 1.0 1.0 1.0 1.0 1.0 1.0 1.0 1.0 1.0 2.0 1.0 1.0 1.0 1.0 1.0 1.0 1.0 1.0 1.0 1.0 1.0 1.0 1.0 1.0 1.0 1.0 1.0 1.0 1.0 1.0 1.0 1.0 1.0 1.0 1.0 1.0 1.0 1.0 1.0 1.0 1.0 1.0 1.0  # 38 A320-200 CAT-D
78.87 98.87 118.87 40 100 1.0 1.0 1.0 1.0 1.0 1.0 1.0 1.0 1.0 1.0 1.0 1.0 1.0 1.0 1.0 1.6666666666666667 1.0 1.0 1.0 1.0 1.0 1.0 1.0 1.0 1.0 1.0 1.0 1.0 1.0 1.0 1.0 1.0 1.0 1.0 1.0 1.0 1.0 1.0 1.0 1.0 1.0 1.0 1.0 1.0 1.0 1.0 1.0 1.0 1.0  # 39 E175 CAT-E
42.06 62.06 82.06 40 100 1.0 1.0 1.0 1.0 1.0 1.0 1.0 1.0 1.0 1.0 1.0 1.0 1.0 1.0 1.0 1.6666666666666667 1.0 1.0 1.0 1.0 1.0 1.0 1.0 1.0 1.0 1.0 1.0 1.0 1.0 1.0 1.0 1.0 1.0 1.0 1.0 1.0 1.0 1.0 1.0 1.0 1.0 1.0 1.0 1.0 1.0 1.0 1.0 1.0 1.0  # 40 E175 CAT-E
58.70 83.70 108.70 100 200 1.0 1.3333333333333333 1.0 1.0 1.6666666666666667 1.0 1.3333333333333333 1.6666666666666667 1.3333333333333333 1.0 1.3333333333333333 1.0 1.3333333333333333 1.3333333333333333 1.0 2.0 1.3333333333333333 1.0 1.3333333333333333 1.6666666666666667 1.6666666666666667 1.3333333333333333 1.0 1.3333333333333333 1.0 1.0 1.3333333333333333 1.3333333333333333 1.0 1.3333333333333333 1.3333333333333333 1.3333333333333333 1.3333333333333333 1.3333333333333333 1.0 1.0 1.0 1.3333333333333333 1.6666666666666667 1.6666666666666667 1.0 1.3333333333333333 1.0 1.0 1.3333333333333333 1.0 1.3333333333333333 1.0 1.3333333333333333  # 41 A330-300 CAT-C
56.42 76.42 96.42 60 150 1.0 1.0 1.0 1.0 1.0 1.0 1.0 1.0 1.0 1.0 1.0 1.0 1.0 1.0 1.0 2.0 1.0 1.0 1.0 1.0 1.0 1.0 1.0 1.0 1.0 1.0 1.0 1.0 1.0 1.0 1.0 1.0 1.0 1.0 1.0 1.0 1.0 1.0 1.0 1.0 1.0 1.0 1.0 1.0 1.0 1.0 1.0 1.0 1.0  # 42 A321-200 CAT-D
93.79 118.79 120.00 100 200 1.0 1.3333333333333333 1.0 1.0 1.6666666666666667 1.0 1.3333333333333333 1.6666666666666667 1.3333333333333333 1.0 1.3333333333333333 1.0 1.3333333333333333 1.3333333333333333 1.0 2.0 1.3333333333333333 1.0 1.3333333333333333 1.6666666666666667 1.6666666666666667 1.3333333333333333 1.0 1.3333333333333333 1.0 1.0 1.3333333333333333 1.3333333333333333 1.0 1.3333333333333333 1.3333333333333333 1.3333333333333333 1.3333333333333333 1.3333333333333333 1.0 1.0 1.0 1.3333333333333333 1.6666666666666667 1.6666666666666667 1.0 1.3333333333333333 1.0 1.0 1.3333333333333333 1.0 1.3333333333333333 1.0 1.3333333333333333  # 43 A330-300 CAT-C
91.17 116.17 120.00 100 200 1.0 1.3333333333333333 1.0 1.0 1.6666666666666667 1.0 1.3333333333333333 1.6666666666666667 1.3333333333333333 1.0 1.3333333333333333 1.0 1.3333333333333333 1.3333333333333333 1.0 2.0 1.3333333333333333 1.0 1.3333333333333333 1.6666666666666667 1.6666666666666667 1.3333333333333333 1.0 1.3333333333333333 1.0 1.0 1.3333333333333333 1.3333333333333333 1.0 1.3333333333333333 1.3333333333333333 1.3333333333333333 1.3333333333333333 1.3333333333333333 1.0 1.0 1.0 1.3333333333333333 1.6666666666666667 1.6666666666666667 1.0 1.3333333333333333 1.0 1.0 1.3333333333333333 1.0 1.3333333333333333 1.0 1.3333333333333333  # 44 B787-9 CAT-C
83.97 103.97 120.00 60 150 1.0 1.0 1.0 1.0 1.0 1.0 1.0 1.0 1.0 1.0 1.0 1.0 1.0 1.0 1.0 2.0 1.0 1.0 1.0 1.0 1.0 1.0 1.0 1.0 1.0 1.0 1.0 1.0 1.0 1.0 1.0 1.0 1.0 1.0 1.0 1.0 1.0 1.0 1.0 1.0 1.0 1.0 1.0 1.0 1.0 1.0 1.0 1.0 1.0  # 45 B737-800 CAT-D
46.65 71.65 96.65 100 200 1.0 1.3333333333333333 1.0 1.0 1.6666666666666667 1.0 1.3333333333333333 1.6666666666666667 1.3333333333333333 1.0 1.3333333333333333 1.0 1.3333333333333333 1.3333333333333333 1.0 2.0 1.3333333333333333 1.0 1.3333333333333333 1.6666666666666667 1.6666666666666667 1.3333333333333333 1.0 1.3333333333333333 1.0 1.0 1.3333333333333333 1.3333333333333333 1.0 1.3333333333333333 1.3333333333333333 1.3333333333333333 1.3333333333333333 1.3333333333333333 1.0 1.0 1.0 1.3333333333333333 1.6666666666666667 1.6666666666666667 1.0 1.3333333333333333 1.0 1.0 1.3333333333333333 1.0 1.3333333333333333 1.0 1.3333333333333333  # 46 B767-300 CAT-C
43.08 63.08 83.08 60 150 1.0 1.0 1.0 1.0 1.0 1.0 1.0 1.0 1.0 1.0 1.0 1.0 1.0 1.0 1.0 2.0 1.0 1.0 1.0 1.0 1.0 1.0 1.0 1.0 1.0 1.0 1.0 1.0 1.0 1.0 1.0 1.0 1.0 1.0 1.0 1.0 1.0 1.0 1.0 1.0 1.0 1.0 1.0 1.0 1.0 1.0 1.0 1.0 1.0  # 47 A320-200 CAT-D
47.17 72.17 97.17 120 250 1.0 1.6666666666666667 1.0 1.0 2.0 1.0 1.6666666666666667 2.0 1.6666666666666667 1.0 1.6666666666666667 1.0 1.6666666666666667 1.6666666666666667 1.0 2.3333333333333335 1.6666666666666667 1.0 1.6666666666666667 2.0 2.0 1.6666666666666667 1.0 1.6666666666666667 1.0 1.0 1.6666666666666667 1.6666666666666667 1.0 1.6666666666666667 1.6666666666666667 1.6666666666666667 1.6666666666666667 1.6666666666666667 1.0 1.0 1.0 1.6666666666666667 2.0 2.0 1.0 1.6666666666666667 1.0 1.0 1.6666666666666667 1.0 1.6666666666666667 1.0 1.6666666666666667  # 48 B747-400 CAT-B
54.34 74.34 94.34 60 150 1.0 1.0 1.0 1.0 1.0 1.0 1.0 1.0 1.0 1.0 1.0 1.0 1.0 1.0 1.0 2.0 1.0 1.0 1.0 1.0 1.0 1.0 1.0 1.0 1.0 1.0 1.0 1.0 1.0 1.0 1.0 1.0 1.0 1.0 1.0 1.0 1.0 1.0 1.0 1.0 1.0 1.0 1.0 1.0 1.0 1.0 1.0 1.0 1.0  # 49 A320-200 CAT-D
