# Schiphol Airport Landing Scenario - schiphol_1runway_light
# Realistic evening rush hour (18:00-20:00)
# 20 aircraft, 1 runway(s)
# Aircraft mix: 5 Heavy, 13 Medium, 2 Light
# Time unit: MINUTES from 18:00 (base time)
# Costs: EUR per MINUTE early/late
# Separation: Based on ICAO wake turbulence categories
#
# Format: num_aircraft freeze_time
# For each aircraft: appearance_time target_time latest_time early_penalty late_penalty sep_1 sep_2 ... sep_n
# Aircraft types (in order): M L M L M M M H M M M M H H M H M M H M
20 0.0
58.8 64.5 75.2 60 150 0.0 2.0 1.0 2.0 1.0 1.0 1.0 1.0 1.0 1.0 1.0 1.0 1.0 1.0 1.0 1.0 1.0 1.0 1.0 1.0  # A1 (Medium)
80.9 86.2 92.2 30 80 1.0 0.0 1.0 1.0 1.0 1.0 1.0 1.0 1.0 1.0 1.0 1.0 1.0 1.0 1.0 1.0 1.0 1.0 1.0 1.0  # A2 (Light)
36.0 38.4 49.8 60 150 1.0 2.0 0.0 2.0 1.0 1.0 1.0 1.0 1.0 1.0 1.0 1.0 1.0 1.0 1.0 1.0 1.0 1.0 1.0 1.0  # A3 (Medium)
80.8 84.3 92.3 30 80 1.0 1.0 1.0 0.0 1.0 1.0 1.0 1.0 1.0 1.0 1.0 1.0 1.0 1.0 1.0 1.0 1.0 1.0 1.0 1.0  # A4 (Light)
67.4 73.4 83.0 60 150 1.0 2.0 1.0 2.0 0.0 1.0 1.0 1.0 1.0 1.0 1.0 1.0 1.0 1.0 1.0 1.0 1.0 1.0 1.0 1.0  # A5 (Medium)
81.6 87.2 97.7 60 150 1.0 2.0 1.0 2.0 1.0 0.0 1.0 1.0 1.0 1.0 1.0 1.0 1.0 1.0 1.0 1.0 1.0 1.0 1.0 1.0  # A6 (Medium)
0.0 3.5 12.6 60 150 1.0 2.0 1.0 2.0 1.0 1.0 0.0 1.0 1.0 1.0 1.0 1.0 1.0 1.0 1.0 1.0 1.0 1.0 1.0 1.0  # A7 (Medium)
61.0 70.1 83.5 100 200 2.0 3.0 2.0 3.0 2.0 2.0 2.0 0.0 2.0 2.0 2.0 2.0 1.5 1.5 2.0 1.5 2.0 2.0 1.5 2.0  # A8 (Heavy)
73.3 76.7 87.3 60 150 1.0 2.0 1.0 2.0 1.0 1.0 1.0 1.0 0.0 1.0 1.0 1.0 1.0 1.0 1.0 1.0 1.0 1.0 1.0 1.0  # A9 (Medium)
56.3 61.7 70.9 60 150 1.0 2.0 1.0 2.0 1.0 1.0 1.0 1.0 1.0 0.0 1.0 1.0 1.0 1.0 1.0 1.0 1.0 1.0 1.0 1.0  # A10 (Medium)
11.2 17.5 28.9 60 150 1.0 2.0 1.0 2.0 1.0 1.0 1.0 1.0 1.0 1.0 0.0 1.0 1.0 1.0 1.0 1.0 1.0 1.0 1.0 1.0  # A11 (Medium)
66.5 69.9 80.0 60 150 1.0 2.0 1.0 2.0 1.0 1.0 1.0 1.0 1.0 1.0 1.0 0.0 1.0 1.0 1.0 1.0 1.0 1.0 1.0 1.0  # A12 (Medium)
81.1 89.9 102.0 100 200 2.0 3.0 2.0 3.0 2.0 2.0 2.0 1.5 2.0 2.0 2.0 2.0 0.0 1.5 2.0 1.5 2.0 2.0 1.5 2.0  # A13 (Heavy)
56.4 61.1 75.3 100 200 2.0 3.0 2.0 3.0 2.0 2.0 2.0 1.5 2.0 2.0 2.0 2.0 1.5 0.0 2.0 1.5 2.0 2.0 1.5 2.0  # A14 (Heavy)
114.3 120.3 128.4 60 150 1.0 2.0 1.0 2.0 1.0 1.0 1.0 1.0 1.0 1.0 1.0 1.0 1.0 1.0 0.0 1.0 1.0 1.0 1.0 1.0  # A15 (Medium)
30.7 36.8 50.3 100 200 2.0 3.0 2.0 3.0 2.0 2.0 2.0 1.5 2.0 2.0 2.0 2.0 1.5 1.5 2.0 0.0 2.0 2.0 1.5 2.0  # A16 (Heavy)
64.5 68.4 80.0 60 150 1.0 2.0 1.0 2.0 1.0 1.0 1.0 1.0 1.0 1.0 1.0 1.0 1.0 1.0 1.0 1.0 0.0 1.0 1.0 1.0  # A17 (Medium)
18.7 25.1 35.1 60 150 1.0 2.0 1.0 2.0 1.0 1.0 1.0 1.0 1.0 1.0 1.0 1.0 1.0 1.0 1.0 1.0 1.0 0.0 1.0 1.0  # A18 (Medium)
30.0 37.6 51.4 100 200 2.0 3.0 2.0 3.0 2.0 2.0 2.0 1.5 2.0 2.0 2.0 2.0 1.5 1.5 2.0 1.5 2.0 2.0 0.0 2.0  # A19 (Heavy)
112.8 115.8 125.3 60 150 1.0 2.0 1.0 2.0 1.0 1.0 1.0 1.0 1.0 1.0 1.0 1.0 1.0 1.0 1.0 1.0 1.0 1.0 1.0 0.0  # A20 (Medium)
