33 0.0
93.19 113.19 120.00 60 150 1.0 1.0 1.0 1.0 1.0 1.0 1.0 1.0 1.0 1.0 1.0 1.0 1.0 1.0 1.0 1.0 1.0 1.0 1.0 1.0 1.0 1.0 1.0 1.0 1.0 1.0 2.0 1.0 1.0 1.0 1.0 1.0 1.0  # 1 B737-800 CAT-D
46.63 66.63 86.63 60 150 1.0 1.0 1.0 1.0 1.0 1.0 1.0 1.0 1.0 1.0 1.0 1.0 1.0 1.0 1.0 1.0 1.0 1.0 1.0 1.0 1.0 1.0 1.0 1.0 1.0 1.0 2.0 1.0 1.0 1.0 1.0 1.0 1.0  # 2 A320-200 CAT-D
29.53 49.53 69.53 40 100 1.0 1.0 1.0 1.0 1.0 1.0 1.0 1.0 1.0 1.0 1.0 1.0 1.0 1.0 1.0 1.0 1.0 1.0 1.0 1.0 1.0 1.0 1.0 1.0 1.0 1.0 1.6666666666666667 1.0 1.0 1.0 1.0 1.0 1.0  # 3 E175 CAT-E
2.79 22.79 42.79 60 150 1.0 1.0 1.0 1.0 1.0 1.0 1.0 1.0 1.0 1.0 1.0 1.0 1.0 1.0 1.0 1.0 1.0 1.0 1.0 1.0 1.0 1.0 1.0 1.0 1.0 1.0 2.0 1.0 1.0 1.0 1.0 1.0 1.0  # 4 B737-800 CAT-D
45.75 70.75 95.75 100 200 1.3333333333333333 1.3333333333333333 1.6666666666666667 1.3333333333333333 1.0 1.3333333333333333 1.0 1.0 1.0 1.3333333333333333 1.3333333333333333 1.3333333333333333 1.3333333333333333 1.0 1.3333333333333333 1.3333333333333333 1.3333333333333333 1.6666666666666667 1.0 1.6666666666666667 1.0 1.0 1.3333333333333333 1.0 1.0 1.0 2.0 1.6666666666666667 1.3333333333333333 1.3333333333333333 1.3333333333333333 1.0 1.0  # 5 B767-300 CAT-C
76.59 96.59 116.59 60 150 1.0 1.0 1.0 1.0 1.0 1.0 1.0 1.0 1.0 1.0 1.0 1.0 1.0 1.0 1.0 1.0 1.0 1.0 1.0 1.0 1.0 1.0 1.0 1.0 1.0 1.0 2.0 1.0 1.0 1.0 1.0 1.0 1.0  # 6 B737-800 CAT-D
54.92 79.92 104.92 100 200 1.3333333333333333 1.3333333333333333 1.6666666666666667 1.3333333333333333 1.0 1.3333333333333333 1.0 1.0 1.0 1.3333333333333333 1.3333333333333333 1.3333333333333333 1.3333333333333333 1.0 1.3333333333333333 1.3333333333333333 1.3333333333333333 1.6666666666666667 1.0 1.6666666666666667 1.0 1.0 1.3333333333333333 1.0 1.0 1.0 2.0 1.6666666666666667 1.3333333333333333 1.3333333333333333 1.3333333333333333 1.0 1.0  # 7 A300-600 CAT-C
50.15 75.15 100.15 120 250 1.6666666666666667 1.6666666666666667 2.0 1.6666666666666667 1.0 1.6666666666666667 1.0 1.0 1.0 1.6666666666666667 1.6666666666666667 1.6666666666666667 1.6666666666666667 1.0 1.6666666666666667 1.6666666666666667 1.6666666666666667 2.0 1.0 2.0 1.0 1.0 1.6666666666666667 1.0 1.0 1.0 2.3333333333333335 2.0 1.6666666666666667 1.6666666666666667 1.6666666666666667 1.0 1.0  # 8 B747-400 CAT-B
78.58 103.58 120.00 100 200 1.3333333333333333 1.3333333333333333 1.6666666666666667 1.3333333333333333 1.0 1.3333333333333333 1.0 1.0 1.0 1.3333333333333333 1.3333333333333333 1.3333333333333333 1.3333333333333333 1.0 1.3333333333333333 1.3333333333333333 1.3333333333333333 1.6666666666666667 1.0 1.6666666666666667 1.0 1.0 1.3333333333333333 1.0 1.0 1.0 2.0 1.6666666666666667 1.3333333333333333 1.3333333333333333 1.3333333333333333 1.0 1.0  # 9 A300-600 CAT-C
73.03 93.03 113.03 60 150 1.0 1.0 1.0 1.0 1.0 1.0 1.0 1.0 1.0 1.0 1.0 1.0 1.0 1.0 1.0 1.0 1.0 1.0 1.0 1.0 1.0 1.0 1.0 1.0 1.0 1.0 2.0 1.0 1.0 1.0 1.0 1.0 1.0  # 10 B737-800 CAT-D
41.93 61.93 81.93 60 150 1.0 1.0 1.0 1.0 1.0 1.0 1.0 1.0 1.0 1.0 1.0 1.0 1.0 1.0 1.0 1.0 1.0 1.0 1.0 1.0 1.0 1.0 1.0 1.0 1.0 1.0 2.0 1.0 1.0 1.0 1.0 1.0 1.0  # 11 B737-800 CAT-D
93.29 113.29 120.00 60 150 1.0 1.0 1.0 1.0 1.0 1.0 1.0 1.0 1.0 1.0 1.0 1.0 1.0 1.0 1.0 1.0 1.0 1.0 1.0 1.0 1.0 1.0 1.0 1.0 1.0 1.0 2.0 1.0 1.0 1.0 1.0 1.0 1.0  # 12 A320-200 CAT-D
60.54 80.54 100.54 60 150 1.0 1.0 1.0 1.0 1.0 1.0 1.0 1.0 1.0 1.0 1.0 1.0 1.0 1.0 1.0 1.0 1.0 1.0 1.0 1.0 1.0 1.0 1.0 1.0 1.0 1.0 2.0 1.0 1.0 1.0 1.0 1.0 1.0  # 13 A320-200 CAT-D
45.19 70.19 95.19 100 200 1.3333333333333333 1.3333333333333333 1.6666666666666667 1.3333333333333333 1.0 1.3333333333333333 1.0 1.0 1.0 1.3333333333333333 1.3333333333333333 1.3333333333333333 1.3333333333333333 1.0 1.3333333333333333 1.3333333333333333 1.3333333333333333 1.6666666666666667 1.0 1.6666666666666667 1.0 1.0 1.3333333333333333 1.0 1.0 1.0 2.0 1.6666666666666667 1.3333333333333333 1.3333333333333333 1.3333333333333333 1.0 1.0  # 14 B767-300 CAT-C
63.29 83.29 103.29 60 150 1.0 1.0 1.0 1.0 1.0 1.0 1.0 1.0 1.0 1.0 1.0 1.0 1.0 1.0 1.0 1.0 1.0 1.0 1.0 1.0 1.0 1.0 1.0 1.0 1.0 1.0 2.0 1.0 1.0 1.0 1.0 1.0 1.0  # 15 B737-800 CAT-D
68.32 88.32 108.32 60 150 1.0 1.0 1.0 1.0 1.0 1.0 1.0 1.0 1.0 1.0 1.0 1.0 1.0 1.0 1.0 1.0 1.0 1.0 1.0 1.0 1.0 1.0 1.0 1.0 1.0 1.0 2.0 1.0 1.0 1.0 1.0 1.0 1.0  # 16 B737-800 CAT-D
43.37 63.37 83.37 60 150 1.0 1.0 1.0 1.0 1.0 1.0 1.0 1.0 1.0 1.0 1.0 1.0 1.0 1.0 1.0 1.0 1.0 1.0 1.0 1.0 1.0 1.0 1.0 1.0 1.0 1.0 2.0 1.0 1.0 1.0 1.0 1.0 1.0  # 17 B737-800 CAT-D
76.98 96.98 116.98 40 100 1.0 1.0 1.0 1.0 1.0 1.0 1.0 1.0 1.0 1.0 1.0 1.0 1.0 1.0 1.0 1.0 1.0 1.0 1.0 1.0 1.0 1.0 1.0 1.0 1.0 1.0 1.6666666666666667 1.0 1.0 1.0 1.0 1.0 1.0  # 18 ATR-72 CAT-E
47.42 72.42 97.42 100 200 1.3333333333333333 1.3333333333333333 1.6666666666666667 1.3333333333333333 1.0 1.3333333333333333 1.0 1.0 1.0 1.3333333333333333 1.3333333333333333 1.3333333333333333 1.3333333333333333 1.0 1.3333333333333333 1.3333333333333333 1.3333333333333333 1.6666666666666667 1.0 1.6666666666666667 1.0 1.0 1.3333333333333333 1.0 1.0 1.0 2.0 1.6666666666666667 1.3333333333333333 1.3333333333333333 1.3333333333333333 1.0 1.0  # 19 B767-300 CAT-C
2.29 22.29 42.29 40 100 1.0 1.0 1.0 1.0 1.0 1.0 1.0 1.0 1.0 1.0 1.0 1.0 1.0 1.0 1.0 1.0 1.0 1.0 1.0 1.0 1.0 1.0 1.0 1.0 1.0 1.0 1.6666666666666667 1.0 1.0 1.0 1.0 1.0 1.0  # 20 E190 CAT-E
60.25 85.25 110.25 100 200 1.3333333333333333 1.3333333333333333 1.6666666666666667 1.3333333333333333 1.0 1.3333333333333333 1.0 1.0 1.0 1.3333333333333333 1.3333333333333333 1.3333333333333333 1.3333333333333333 1.0 1.3333333333333333 1.3333333333333333 1.3333333333333333 1.6666666666666667 1.0 1.6666666666666667 1.0 1.0 1.3333333333333333 1.0 1.0 1.0 2.0 1.6666666666666667 1.3333333333333333 1.3333333333333333 1.3333333333333333 1.0 1.0  # 21 B767-300 CAT-C
42.75 67.75 92.75 120 250 1.6666666666666667 1.6666666666666667 2.0 1.6666666666666667 1.0 1.6666666666666667 1.0 1.0 1.0 1.6666666666666667 1.6666666666666667 1.6666666666666667 1.6666666666666667 1.0 1.6666666666666667 1.6666666666666667 1.6666666666666667 2.0 1.0 2.0 1.0 1.0 1.6666666666666667 1.0 1.0 1.0 2.3333333333333335 2.0 1.6666666666666667 1.6666666666666667 1.6666666666666667 1.0 1.0  # 22 B777-300ER CAT-B
44.68 64.68 84.68 60 150 1.0 1.0 1.0 1.0 1.0 1.0 1.0 1.0 1.0 1.0 1.0 1.0 1.0 1.0 1.0 1.0 1.0 1.0 1.0 1.0 1.0 1.0 1.0 1.0 1.0 1.0 2.0 1.0 1.0 1.0 1.0 1.0 1.0  # 23 B737-800 CAT-D
47.74 72.74 97.74 100 200 1.3333333333333333 1.3333333333333333 1.6666666666666667 1.3333333333333333 1.0 1.3333333333333333 1.0 1.0 1.0 1.3333333333333333 1.3333333333333333 1.3333333333333333 1.3333333333333333 1.0 1.3333333333333333 1.3333333333333333 1.3333333333333333 1.6666666666666667 1.0 1.6666666666666667 1.0 1.0 1.3333333333333333 1.0 1.0 1.0 2.0 1.6666666666666667 1.3333333333333333 1.3333333333333333 1.3333333333333333 1.0 1.0  # 24 B767-300 CAT-C
92.01 117.01 120.00 100 200 1.3333333333333333 1.3333333333333333 1.6666666666666667 1.3333333333333333 1.0 1.3333333333333333 1.0 1.0 1.0 1.3333333333333333 1.3333333333333333 1.3333333333333333 1.3333333333333333 1.0 1.3333333333333333 1.3333333333333333 1.3333333333333333 1.6666666666666667 1.0 1.6666666666666667 1.0 1.0 1.3333333333333333 1.0 1.0 1.0 2.0 1.6666666666666667 1.3333333333333333 1.3333333333333333 1.3333333333333333 1.0 1.0  # 25 A330-300 CAT-C
39.67 64.67 89.67 100 200 1.3333333333333333 1.3333333333333333 1.6666666666666667 1.3333333333333333 1.0 1.3333333333333333 1.0 1.0 1.0 1.3333333333333333 1.3333333333333333 1.3333333333333333 1.3333333333333333 1.0 1.3333333333333333 1.3333333333333333 1.3333333333333333 1.6666666666666667 1.0 1.6666666666666667 1.0 1.0 1.3333333333333333 1.0 1.0 1.0 2.0 1.6666666666666667 1.3333333333333333 1.3333333333333333 1.3333333333333333 1.0 1.0  # 26 B767-300 CAT-C
66.51 86.51 106.51 30 80 1.0 1.0 1.0 1.0 1.0 1.0 1.0 1.0 1.0 1.0 1.0 1.0 1.0 1.0 1.0 1.0 1.0 1.0 1.0 1.0 1.0 1.0 1.0 1.0 1.0 1.0 1.3333333333333333 1.0 1.0 1.0 1.0 1.0 1.0  # 27 Cessna Citation CAT-F
57.12 77.12 97.12 40 100 1.0 1.0 1.0 1.0 1.0 1.0 1.0 1.0 1.0 1.0 1.0 1.0 1.0 1.0 1.0 1.0 1.0 1.0 1.0 1.0 1.0 1.0 1.0 1.0 1.0 1.0 1.6666666666666667 1.0 1.0 1.0 1.0 1.0 1.0  # 28 E190 CAT-E
0.00 7.29 27.29 60 150 1.0 1.0 1.0 1.0 1.0 1.0 1.0 1.0 1.0 1.0 1.0 1.0 1.0 1.0 1.0 1.0 1.0 1.0 1.0 1.0 1.0 1.0 1.0 1.0 1.0 1.0 2.0 1.0 1.0 1.0 1.0 1.0 1.0  # 29 A320-200 CAT-D
97.57 117.57 120.00 60 150 1.0 1.0 1.0 1.0 1.0 1.0 1.0 1.0 1.0 1.0 1.0 1.0 1.0 1.0 1.0 1.0 1.0 1.0 1.0 1.0 1.0 1.0 1.0 1.0 1.0 1.0 2.0 1.0 1.0 1.0 1.0 1.0 1.0  # 30 A320-200 CAT-D
26.72 46.72 66.72 60 150 1.0 1.0 1.0 1.0 1.0 1.0 1.0 1.0 1.0 1.0 1.0 1.0 1.0 1.0 1.0 1.0 1.0 1.0 1.0 1.0 1.0 1.0 1.0 1.0 1.0 1.0 2.0 1.0 1.0 1.0 1.0 1.0 1.0  # 31 B737-800 CAT-D
91.32 116.32 120.00 120 250 1.6666666666666667 1.6666666666666667 2.0 1.6666666666666667 1.0 1.6666666666666667 1.0 1.0 1.0 1.6666666666666667 1.6666666666666667 1.6666666666666667 1.6666666666666667 1.0 1.6666666666666667 1.6666666666666667 1.6666666666666667 2.0 1.0 2.0 1.0 1.0 1.6666666666666667 1.0 1.0 1.0 2.3333333333333335 2.0 1.6666666666666667 1.6666666666666667 1.6666666666666667 1.0 1.0  # 32 B777-300ER CAT-B
0.00 19.75 44.75 100 200 1.3333333333333333 1.3333333333333333 1.6666666666666667 1.3333333333333333 1.0 1.3333333333333333 1.0 1.0 1.0 1.3333333333333333 1.3333333333333333 1.3333333333333333 1.3333333333333333 1.0 1.3333333333333333 1.3333333333333333 1.3333333333333333 1.6666666666666667 1.0 1.6666666666666667 1.0 1.0 1.3333333333333333 1.0 1.0 1.0 2.0 1.6666666666666667 1.3333333333333333 1.3333333333333333 1.3333333333333333 1.0 1.0  # 33 B787-9 CAT-C
