49 0.0
68.21 88.21 108.21 60 150 1.0 1.0 1.0 1.0 1.0 1.0 1.0 1.0 1.0 1.0 1.0 1.0 1.0 1.0 1.0 1.0 1.0 1.0 1.0 1.0 1.0 1.0 1.0 1.0 1.0 1.0 1.0 1.0 1.0 2.0 1.0 1.0 1.0 1.0 1.0 1.0 1.0 1.0 1.0 1.0 1.0 1.0 1.0 1.0 1.0 1.0 1.0 1.0 1.0  # 1 B737-800 CAT-D
55.97 75.97 95.97 60 150 1.0 1.0 1.0 1.0 1.0 1.0 1.0 1.0 1.0 1.0 1.0 1.0 1.0 1.0 1.0 1.0 1.0 1.0 1.0 1.0 1.0 1.0 1.0 1.0 1.0 1.0 1.0 1.0 1.0 2.0 1.0 1.0 1.0 1.0 1.0 1.0 1.0 1.0 1.0 1.0 1.0 1.0 1.0 1.0 1.0 1.0 1.0 1.0 1.0  # 2 B737-800 CAT-D
70.89 90.89 110.89 40 100 1.0 1.0 1.0 1.0 1.0 1.0 1.0 1.0 1.0 1.0 1.0 1.0 1.0 1.0 1.0 1.0 1.0 1.0 1.0 1.0 1.0 1.0 1.0 1.0 1.0 1.0 1.0 1.0 1.0 1.6666666666666667 1.0 1.0 1.0 1.0 1.0 1.0 1.0 1.0 1.0 1.0 1.0 1.0 1.0 1.0 1.0 1.0 1.0 1.0 1.0  # 3 E190 CAT-E
61.27 81.27 101.27 60 150 1.0 1.0 1.0 1.0 1.0 1.0 1.0 1.0 1.0 1.0 1.0 1.0 1.0 1.0 1.0 1.0 1.0 1.0 1.0 1.0 1.0 1.0 1.0 1.0 1.0 1.0 1.0 1.0 1.0 2.0 1.0 1.0 1.0 1.0 1.0 1.0 1.0 1.0 1.0 1.0 1.0 1.0 1.0 1.0 1.0 1.0 1.0 1.0 1.0  # 4 A321-200 CAT-D
44.56 69.56 94.56 100 200 1.3333333333333333 1.3333333333333333 1.6666666666666667 1.3333333333333333 1.0 1.0 1.0 1.6666666666666667 1.0 1.0 1.0 1.0 1.0 1.3333333333333333 1.3333333333333333 1.0 1.0 1.6666666666666667 1.0 1.3333333333333333 1.3333333333333333 1.0 1.3333333333333333 1.0 1.3333333333333333 1.0 1.3333333333333333 1.3333333333333333 1.6666666666666667 2.0 1.0 1.3333333333333333 1.3333333333333333 1.6666666666666667 1.3333333333333333 1.3333333333333333 1.6666666666666667 1.3333333333333333 1.0 1.3333333333333333 1.3333333333333333 1.3333333333333333 1.3333333333333333 1.3333333333333333 1.0 1.0 1.0 1.3333333333333333 1.0  # 5 A300-600 CAT-C
61.52 86.52 111.52 120 250 1.6666666666666667 1.6666666666666667 2.0 1.6666666666666667 1.0 1.0 1.0 2.0 1.0 1.0 1.0 1.0 1.0 1.6666666666666667 1.6666666666666667 1.0 1.0 2.0 1.0 1.6666666666666667 1.6666666666666667 1.0 1.6666666666666667 1.0 1.6666666666666667 1.0 1.6666666666666667 1.6666666666666667 2.0 2.3333333333333335 1.0 1.6666666666666667 1.6666666666666667 2.0 1.6666666666666667 1.6666666666666667 2.0 1.6666666666666667 1.0 1.6666666666666667 1.6666666666666667 1.6666666666666667 1.6666666666666667 1.6666666666666667 1.0 1.0 1.0 1.6666666666666667 1.0  # 6 B777-300ER CAT-B
34.51 59.51 84.51 120 250 1.6666666666666667 1.6666666666666667 2.0 1.6666666666666667 1.0 1.0 1.0 2.0 1.0 1.0 1.0 1.0 1.0 1.6666666666666667 1.6666666666666667 1.0 1.0 2.0 1.0 1.6666666666666667 1.6666666666666667 1.0 1.6666666666666667 1.0 1.6666666666666667 1.0 1.6666666666666667 1.6666666666666667 2.0 2.3333333333333335 1.0 1.6666666666666667 1.6666666666666667 2.0 1.6666666666666667 1.6666666666666667 2.0 1.6666666666666667 1.0 1.6666666666666667 1.6666666666666667 1.6666666666666667 1.6666666666666667 1.6666666666666667 1.0 1.0 1.0 1.6666666666666667 1.0  # 7 B747-400 CAT-B
61.98 81.98 101.98 40 100 1.0 1.0 1.0 1.0 1.0 1.0 1.0 1.0 1.0 1.0 1.0 1.0 1.0 1.0 1.0 1.0 1.0 1.0 1.0 1.0 1.0 1.0 1.0 1.0 1.0 1.0 1.0 1.0 1.0 1.6666666666666667 1.0 1.0 1.0 1.0 1.0 1.0 1.0 1.0 1.0 1.0 1.0 1.0 1.0 1.0 1.0 1.0 1.0 1.0 1.0  # 8 E190 CAT-E
55.73 80.73 105.73 120 250 1.6666666666666667 1.6666666666666667 2.0 1.6666666666666667 1.0 1.0 1.0 2.0 1.0 1.0 1.0 1.0 1.0 1.6666666666666667 1.6666666666666667 1.0 1.0 2.0 1.0 1.6666666666666667 1.6666666666666667 1.0 1.6666666666666667 1.0 1.6666666666666667 1.0 1.6666666666666667 1.6666666666666667 2.0 2.3333333333333335 1.0 1.6666666666666667 1.6666666666666667 2.0 1.6666666666666667 1.6666666666666667 2.0 1.6666666666666667 1.0 1.6666666666666667 1.6666666666666667 1.6666666666666667 1.6666666666666667 1.6666666666666667 1.0 1.0 1.0 1.6666666666666667 1.0  # 9 B747-400 CAT-B
51.27 76.27 101.27 120 250 1.6666666666666667 1.6666666666666667 2.0 1.6666666666666667 1.0 1.0 1.0 2.0 1.0 1.0 1.0 1.0 1.0 1.6666666666666667 1.6666666666666667 1.0 1.0 2.0 1.0 1.6666666666666667 1.6666666666666667 1.0 1.6666666666666667 1.0 1.6666666666666667 1.0 1.6666666666666667 1.6666666666666667 2.0 2.3333333333333335 1.0 1.6666666666666667 1.6666666666666667 2.0 1.6666666666666667 1.6666666666666667 2.0 1.6666666666666667 1.0 1.6666666666666667 1.6666666666666667 1.6666666666666667 1.6666666666666667 1.6666666666666667 1.0 1.0 1.0 1.6666666666666667 1.0  # 10 B747-400 CAT-B
0.00 20.36 45.36 100 200 1.3333333333333333 1.3333333333333333 1.6666666666666667 1.3333333333333333 1.0 1.0 1.0 1.6666666666666667 1.0 1.0 1.0 1.0 1.0 1.3333333333333333 1.3333333333333333 1.0 1.0 1.6666666666666667 1.0 1.3333333333333333 1.3333333333333333 1.0 1.3333333333333333 1.0 1.3333333333333333 1.0 1.3333333333333333 1.3333333333333333 1.6666666666666667 2.0 1.0 1.3333333333333333 1.3333333333333333 1.6666666666666667 1.3333333333333333 1.3333333333333333 1.6666666666666667 1.3333333333333333 1.0 1.3333333333333333 1.3333333333333333 1.3333333333333333 1.3333333333333333 1.3333333333333333 1.0 1.0 1.0 1.3333333333333333 1.0  # 11 B787-9 CAT-C
47.65 72.65 97.65 100 200 1.3333333333333333 1.3333333333333333 1.6666666666666667 1.3333333333333333 1.0 1.0 1.0 1.6666666666666667 1.0 1.0 1.0 1.0 1.0 1.3333333333333333 1.3333333333333333 1.0 1.0 1.6666666666666667 1.0 1.3333333333333333 1.3333333333333333 1.0 1.3333333333333333 1.0 1.3333333333333333 1.0 1.3333333333333333 1.3333333333333333 1.6666666666666667 2.0 1.0 1.3333333333333333 1.3333333333333333 1.6666666666666667 1.3333333333333333 1.3333333333333333 1.6666666666666667 1.3333333333333333 1.0 1.3333333333333333 1.3333333333333333 1.3333333333333333 1.3333333333333333 1.3333333333333333 1.0 1.0 1.0 1.3333333333333333 1.0  # 12 A330-300 CAT-C
78.26 103.26 120.00 100 200 1.3333333333333333 1.3333333333333333 1.6666666666666667 1.3333333333333333 1.0 1.0 1.0 1.6666666666666667 1.0 1.0 1.0 1.0 1.0 1.3333333333333333 1.3333333333333333 1.0 1.0 1.6666666666666667 1.0 1.3333333333333333 1.3333333333333333 1.0 1.3333333333333333 1.0 1.3333333333333333 1.0 1.3333333333333333 1.3333333333333333 1.6666666666666667 2.0 1.0 1.3333333333333333 1.3333333333333333 1.6666666666666667 1.3333333333333333 1.3333333333333333 1.6666666666666667 1.3333333333333333 1.0 1.3333333333333333 1.3333333333333333 1.3333333333333333 1.3333333333333333 1.3333333333333333 1.0 1.0 1.0 1.3333333333333333 1.0  # 13 B767-300 CAT-C
76.12 96.12 116.12 60 150 1.0 1.0 1.0 1.0 1.0 1.0 1.0 1.0 1.0 1.0 1.0 1.0 1.0 1.0 1.0 1.0 1.0 1.0 1.0 1.0 1.0 1.0 1.0 1.0 1.0 1.0 1.0 1.0 1.0 2.0 1.0 1.0 1.0 1.0 1.0 1.0 1.0 1.0 1.0 1.0 1.0 1.0 1.0 1.0 1.0 1.0 1.0 1.0 1.0  # 14 B737-800 CAT-D
42.03 62.03 82.03 60 150 1.0 1.0 1.0 1.0 1.0 1.0 1.0 1.0 1.0 1.0 1.0 1.0 1.0 1.0 1.0 1.0 1.0 1.0 1.0 1.0 1.0 1.0 1.0 1.0 1.0 1.0 1.0 1.0 1.0 2.0 1.0 1.0 1.0 1.0 1.0 1.0 1.0 1.0 1.0 1.0 1.0 1.0 1.0 1.0 1.0 1.0 1.0 1.0 1.0  # 15 B737-800 CAT-D
64.77 89.77 114.77 100 200 1.3333333333333333 1.3333333333333333 1.6666666666666667 1.3333333333333333 1.0 1.0 1.0 1.6666666666666667 1.0 1.0 1.0 1.0 1.0 1.3333333333333333 1.3333333333333333 1.0 1.0 1.6666666666666667 1.0 1.3333333333333333 1.3333333333333333 1.0 1.3333333333333333 1.0 1.3333333333333333 1.0 1.3333333333333333 1.3333333333333333 1.6666666666666667 2.0 1.0 1.3333333333333333 1.3333333333333333 1.6666666666666667 1.3333333333333333 1.3333333333333333 1.6666666666666667 1.3333333333333333 1.0 1.3333333333333333 1.3333333333333333 1.3333333333333333 1.3333333333333333 1.3333333333333333 1.0 1.0 1.0 1.3333333333333333 1.0  # 16 A330-300 CAT-C
25.72 50.72 75.72 100 200 1.3333333333333333 1.3333333333333333 1.6666666666666667 1.3333333333333333 1.0 1.0 1.0 1.6666666666666667 1.0 1.0 1.0 1.0 1.0 1.3333333333333333 1.3333333333333333 1.0 1.0 1.6666666666666667 1.0 1.3333333333333333 1.3333333333333333 1.0 1.3333333333333333 1.0 1.3333333333333333 1.0 1.3333333333333333 1.3333333333333333 1.6666666666666667 2.0 1.0 1.3333333333333333 1.3333333333333333 1.6666666666666667 1.3333333333333333 1.3333333333333333 1.6666666666666667 1.3333333333333333 1.0 1.3333333333333333 1.3333333333333333 1.3333333333333333 1.3333333333333333 1.3333333333333333 1.0 1.0 1.0 1.3333333333333333 1.0  # 17 B767-300 CAT-C
71.58 91.58 111.58 40 100 1.0 1.0 1.0 1.0 1.0 1.0 1.0 1.0 1.0 1.0 1.0 1.0 1.0 1.0 1.0 1.0 1.0 1.0 1.0 1.0 1.0 1.0 1.0 1.0 1.0 1.0 1.0 1.0 1.0 1.6666666666666667 1.0 1.0 1.0 1.0 1.0 1.0 1.0 1.0 1.0 1.0 1.0 1.0 1.0 1.0 1.0 1.0 1.0 1.0 1.0  # 18 E190 CAT-E
45.57 70.57 95.57 100 200 1.3333333333333333 1.3333333333333333 1.6666666666666667 1.3333333333333333 1.0 1.0 1.0 1.6666666666666667 1.0 1.0 1.0 1.0 1.0 1.3333333333333333 1.3333333333333333 1.0 1.0 1.6666666666666667 1.0 1.3333333333333333 1.3333333333333333 1.0 1.3333333333333333 1.0 1.3333333333333333 1.0 1.3333333333333333 1.3333333333333333 1.6666666666666667 2.0 1.0 1.3333333333333333 1.3333333333333333 1.6666666666666667 1.3333333333333333 1.3333333333333333 1.6666666666666667 1.3333333333333333 1.0 1.3333333333333333 1.3333333333333333 1.3333333333333333 1.3333333333333333 1.3333333333333333 1.0 1.0 1.0 1.3333333333333333 1.0  # 19 A330-300 CAT-C
44.68 64.68 84.68 60 150 1.0 1.0 1.0 1.0 1.0 1.0 1.0 1.0 1.0 1.0 1.0 1.0 1.0 1.0 1.0 1.0 1.0 1.0 1.0 1.0 1.0 1.0 1.0 1.0 1.0 1.0 1.0 1.0 1.0 2.0 1.0 1.0 1.0 1.0 1.0 1.0 1.0 1.0 1.0 1.0 1.0 1.0 1.0 1.0 1.0 1.0 1.0 1.0 1.0  # 20 B737-800 CAT-D
77.57 97.57 117.57 60 150 1.0 1.0 1.0 1.0 1.0 1.0 1.0 1.0 1.0 1.0 1.0 1.0 1.0 1.0 1.0 1.0 1.0 1.0 1.0 1.0 1.0 1.0 1.0 1.0 1.0 1.0 1.0 1.0 1.0 2.0 1.0 1.0 1.0 1.0 1.0 1.0 1.0 1.0 1.0 1.0 1.0 1.0 1.0 1.0 1.0 1.0 1.0 1.0 1.0  # 21 B737-800 CAT-D
49.96 74.96 99.96 100 200 1.3333333333333333 1.3333333333333333 1.6666666666666667 1.3333333333333333 1.0 1.0 1.0 1.6666666666666667 1.0 1.0 1.0 1.0 1.0 1.3333333333333333 1.3333333333333333 1.0 1.0 1.6666666666666667 1.0 1.3333333333333333 1.3333333333333333 1.0 1.3333333333333333 1.0 1.3333333333333333 1.0 1.3333333333333333 1.3333333333333333 1.6666666666666667 2.0 1.0 1.3333333333333333 1.3333333333333333 1.6666666666666667 1.3333333333333333 1.3333333333333333 1.6666666666666667 1.3333333333333333 1.0 1.3333333333333333 1.3333333333333333 1.3333333333333333 1.3333333333333333 1.3333333333333333 1.0 1.0 1.0 1.3333333333333333 1.0  # 22 A330-300 CAT-C
63.86 83.86 103.86 60 150 1.0 1.0 1.0 1.0 1.0 1.0 1.0 1.0 1.0 1.0 1.0 1.0 1.0 1.0 1.0 1.0 1.0 1.0 1.0 1.0 1.0 1.0 1.0 1.0 1.0 1.0 1.0 1.0 1.0 2.0 1.0 1.0 1.0 1.0 1.0 1.0 1.0 1.0 1.0 1.0 1.0 1.0 1.0 1.0 1.0 1.0 1.0 1.0 1.0  # 23 B737-800 CAT-D
0.00 11.75 36.75 120 250 1.6666666666666667 1.6666666666666667 2.0 1.6666666666666667 1.0 1.0 1.0 2.0 1.0 1.0 1.0 1.0 1.0 1.6666666666666667 1.6666666666666667 1.0 1.0 2.0 1.0 1.6666666666666667 1.6666666666666667 1.0 1.6666666666666667 1.0 1.6666666666666667 1.0 1.6666666666666667 1.6666666666666667 2.0 2.3333333333333335 1.0 1.6666666666666667 1.6666666666666667 2.0 1.6666666666666667 1.6666666666666667 2.0 1.6666666666666667 1.0 1.6666666666666667 1.6666666666666667 1.6666666666666667 1.6666666666666667 1.6666666666666667 1.0 1.0 1.0 1.6666666666666667 1.0  # 24 B777-300ER CAT-B
83.23 103.23 120.00 60 150 1.0 1.0 1.0 1.0 1.0 1.0 1.0 1.0 1.0 1.0 1.0 1.0 1.0 1.0 1.0 1.0 1.0 1.0 1.0 1.0 1.0 1.0 1.0 1.0 1.0 1.0 1.0 1.0 1.0 2.0 1.0 1.0 1.0 1.0 1.0 1.0 1.0 1.0 1.0 1.0 1.0 1.0 1.0 1.0 1.0 1.0 1.0 1.0 1.0  # 25 A321-200 CAT-D
47.54 72.54 97.54 100 200 1.3333333333333333 1.3333333333333333 1.6666666666666667 1.3333333333333333 1.0 1.0 1.0 1.6666666666666667 1.0 1.0 1.0 1.0 1.0 1.3333333333333333 1.3333333333333333 1.0 1.0 1.6666666666666667 1.0 1.3333333333333333 1.3333333333333333 1.0 1.3333333333333333 1.0 1.3333333333333333 1.0 1.3333333333333333 1.3333333333333333 1.6666666666666667 2.0 1.0 1.3333333333333333 1.3333333333333333 1.6666666666666667 1.3333333333333333 1.3333333333333333 1.6666666666666667 1.3333333333333333 1.0 1.3333333333333333 1.3333333333333333 1.3333333333333333 1.3333333333333333 1.3333333333333333 1.0 1.0 1.0 1.3333333333333333 1.0  # 26 A330-300 CAT-C
55.51 75.51 95.51 60 150 1.0 1.0 1.0 1.0 1.0 1.0 1.0 1.0 1.0 1.0 1.0 1.0 1.0 1.0 1.0 1.0 1.0 1.0 1.0 1.0 1.0 1.0 1.0 1.0 1.0 1.0 1.0 1.0 1.0 2.0 1.0 1.0 1.0 1.0 1.0 1.0 1.0 1.0 1.0 1.0 1.0 1.0 1.0 1.0 1.0 1.0 1.0 1.0 1.0  # 27 B737-800 CAT-D
57.69 77.69 97.69 60 150 1.0 1.0 1.0 1.0 1.0 1.0 1.0 1.0 1.0 1.0 1.0 1.0 1.0 1.0 1.0 1.0 1.0 1.0 1.0 1.0 1.0 1.0 1.0 1.0 1.0 1.0 1.0 1.0 1.0 2.0 1.0 1.0 1.0 1.0 1.0 1.0 1.0 1.0 1.0 1.0 1.0 1.0 1.0 1.0 1.0 1.0 1.0 1.0 1.0  # 28 B737-800 CAT-D
88.00 108.00 120.00 40 100 1.0 1.0 1.0 1.0 1.0 1.0 1.0 1.0 1.0 1.0 1.0 1.0 1.0 1.0 1.0 1.0 1.0 1.0 1.0 1.0 1.0 1.0 1.0 1.0 1.0 1.0 1.0 1.0 1.0 1.6666666666666667 1.0 1.0 1.0 1.0 1.0 1.0 1.0 1.0 1.0 1.0 1.0 1.0 1.0 1.0 1.0 1.0 1.0 1.0 1.0  # 29 ATR-72 CAT-E
0.00 16.55 36.55 30 80 1.0 1.0 1.0 1.0 1.0 1.0 1.0 1.0 1.0 1.0 1.0 1.0 1.0 1.0 1.0 1.0 1.0 1.0 1.0 1.0 1.0 1.0 1.0 1.0 1.0 1.0 1.0 1.0 1.0 1.3333333333333333 1.0 1.0 1.0 1.0 1.0 1.0 1.0 1.0 1.0 1.0 1.0 1.0 1.0 1.0 1.0 1.0 1.0 1.0 1.0  # 30 Cessna Citation CAT-F
55.62 80.62 105.62 100 200 1.3333333333333333 1.3333333333333333 1.6666666666666667 1.3333333333333333 1.0 1.0 1.0 1.6666666666666667 1.0 1.0 1.0 1.0 1.0 1.3333333333333333 1.3333333333333333 1.0 1.0 1.6666666666666667 1.0 1.3333333333333333 1.3333333333333333 1.0 1.3333333333333333 1.0 1.3333333333333333 1.0 1.3333333333333333 1.3333333333333333 1.6666666666666667 2.0 1.0 1.3333333333333333 1.3333333333333333 1.6666666666666667 1.3333333333333333 1.3333333333333333 1.6666666666666667 1.3333333333333333 1.0 1.3333333333333333 1.3333333333333333 1.3333333333333333 1.3333333333333333 1.3333333333333333 1.0 1.0 1.0 1.3333333333333333 1.0  # 31 A300-600 CAT-C
17.17 37.17 57.17 60 150 1.0 1.0 1.0 1.0 1.0 1.0 1.0 1.0 1.0 1.0 1.0 1.0 1.0 1.0 1.0 1.0 1.0 1.0 1.0 1.0 1.0 1.0 1.0 1.0 1.0 1.0 1.0 1.0 1.0 2.0 1.0 1.0 1.0 1.0 1.0 1.0 1.0 1.0 1.0 1.0 1.0 1.0 1.0 1.0 1.0 1.0 1.0 1.0 1.0  # 32 A321-200 CAT-D
60.48 80.48 100.48 60 150 1.0 1.0 1.0 1.0 1.0 1.0 1.0 1.0 1.0 1.0 1.0 1.0 1.0 1.0 1.0 1.0 1.0 1.0 1.0 1.0 1.0 1.0 1.0 1.0 1.0 1.0 1.0 1.0 1.0 2.0 1.0 1.0 1.0 1.0 1.0 1.0 1.0 1.0 1.0 1.0 1.0 1.0 1.0 1.0 1.0 1.0 1.0 1.0 1.0  # 33 A320-200 CAT-D
41.76 61.76 81.76 40 100 1.0 1.0 1.0 1.0 1.0 1.0 1.0 1.0 1.0 1.0 1.0 1.0 1.0 1.0 1.0 1.0 1.0 1.0 1.0 1.0 1.0 1.0 1.0 1.0 1.0 1.0 1.0 1.0 1.0 1.6666666666666667 1.0 1.0 1.0 1.0 1.0 1.0 1.0 1.0 1.0 1.0 1.0 1.0 1.0 1.0 1.0 1.0 1.0 1.0 1.0  # 34 ATR-72 CAT-E
85.39 105.39 120.00 60 150 1.0 1.0 1.0 1.0 1.0 1.0 1.0 1.0 1.0 1.0 1.0 1.0 1.0 1.0 1.0 1.0 1.0 1.0 1.0 1.0 1.0 1.0 1.0 1.0 1.0 1.0 1.0 1.0 1.0 2.0 1.0 1.0 1.0 1.0 1.0 1.0 1.0 1.0 1.0 1.0 1.0 1.0 1.0 1.0 1.0 1.0 1.0 1.0 1.0  # 35 B737-800 CAT-D
0.00 18.94 38.94 60 150 1.0 1.0 1.0 1.0 1.0 1.0 1.0 1.0 1.0 1.0 1.0 1.0 1.0 1.0 1.0 1.0 1.0 1.0 1.0 1.0 1.0 1.0 1.0 1.0 1.0 1.0 1.0 1.0 1.0 2.0 1.0 1.0 1.0 1.0 1.0 1.0 1.0 1.0 1.0 1.0 1.0 1.0 1.0 1.0 1.0 1.0 1.0 1.0 1.0  # 36 B737-800 CAT-D
0.00 3.03 23.03 40 100 1.0 1.0 1.0 1.0 1.0 1.0 1.0 1.0 1.0 1.0 1.0 1.0 1.0 1.0 1.0 1.0 1.0 1.0 1.0 1.0 1.0 1.0 1.0 1.0 1.0 1.0 1.0 1.0 1.0 1.6666666666666667 1.0 1.0 1.0 1.0 1.0 1.0 1.0 1.0 1.0 1.0 1.0 1.0 1.0 1.0 1.0 1.0 1.0 1.0 1.0  # 37 E190 CAT-E
40.62 60.62 80.62 60 150 1.0 1.0 1.0 1.0 1.0 1.0 1.0 1.0 1.0 1.0 1.0 1.0 1.0 1.0 1.0 1.0 1.0 1.0 1.0 1.0 1.0 1.0 1.0 1.0 1.0 1.0 1.0 1.0 1.0 2.0 1.0 1.0 1.0 1.0 1.0 1.0 1.0 1.0 1.0 1.0 1.0 1.0 1.0 1.0 1.0 1.0 1.0 1.0 1.0  # 38 B737-800 CAT-D
75.62 100.62 120.00 100 200 1.3333333333333333 1.3333333333333333 1.6666666666666667 1.3333333333333333 1.0 1.0 1.0 1.6666666666666667 1.0 1.0 1.0 1.0 1.0 1.3333333333333333 1.3333333333333333 1.0 1.0 1.6666666666666667 1.0 1.3333333333333333 1.3333333333333333 1.0 1.3333333333333333 1.0 1.3333333333333333 1.0 1.3333333333333333 1.3333333333333333 1.6666666666666667 2.0 1.0 1.3333333333333333 1.3333333333333333 1.6666666666666667 1.3333333333333333 1.3333333333333333 1.6666666666666667 1.3333333333333333 1.0 1.3333333333333333 1.3333333333333333 1.3333333333333333 1.3333333333333333 1.3333333333333333 1.0 1.0 1.0 1.3333333333333333 1.0  # 39 B767-300 CAT-C
59.74 79.74 99.74 60 150 1.0 1.0 1.0 1.0 1.0 1.0 1.0 1.0 1.0 1.0 1.0 1.0 1.0 1.0 1.0 1.0 1.0 1.0 1.0 1.0 1.0 1.0 1.0 1.0 1.0 1.0 1.0 1.0 1.0 2.0 1.0 1.0 1.0 1.0 1.0 1.0 1.0 1.0 1.0 1.0 1.0 1.0 1.0 1.0 1.0 1.0 1.0 1.0 1.0  # 40 B737-800 CAT-D
79.55 99.55 119.55 60 150 1.0 1.0 1.0 1.0 1.0 1.0 1.0 1.0 1.0 1.0 1.0 1.0 1.0 1.0 1.0 1.0 1.0 1.0 1.0 1.0 1.0 1.0 1.0 1.0 1.0 1.0 1.0 1.0 1.0 2.0 1.0 1.0 1.0 1.0 1.0 1.0 1.0 1.0 1.0 1.0 1.0 1.0 1.0 1.0 1.0 1.0 1.0 1.0 1.0  # 41 B737-800 CAT-D
53.63 73.63 93.63 60 150 1.0 1.0 1.0 1.0 1.0 1.0 1.0 1.0 1.0 1.0 1.0 1.0 1.0 1.0 1.0 1.0 1.0 1.0 1.0 1.0 1.0 1.0 1.0 1.0 1.0 1.0 1.0 1.0 1.0 2.0 1.0 1.0 1.0 1.0 1.0 1.0 1.0 1.0 1.0 1.0 1.0 1.0 1.0 1.0 1.0 1.0 1.0 1.0 1.0  # 42 B737-800 CAT-D
91.66 111.66 120.00 60 150 1.0 1.0 1.0 1.0 1.0 1.0 1.0 1.0 1.0 1.0 1.0 1.0 1.0 1.0 1.0 1.0 1.0 1.0 1.0 1.0 1.0 1.0 1.0 1.0 1.0 1.0 1.0 1.0 1.0 2.0 1.0 1.0 1.0 1.0 1.0 1.0 1.0 1.0 1.0 1.0 1.0 1.0 1.0 1.0 1.0 1.0 1.0 1.0 1.0  # 43 B737-800 CAT-D
95.61 115.61 120.00 60 150 1.0 1.0 1.0 1.0 1.0 1.0 1.0 1.0 1.0 1.0 1.0 1.0 1.0 1.0 1.0 1.0 1.0 1.0 1.0 1.0 1.0 1.0 1.0 1.0 1.0 1.0 1.0 1.0 1.0 2.0 1.0 1.0 1.0 1.0 1.0 1.0 1.0 1.0 1.0 1.0 1.0 1.0 1.0 1.0 1.0 1.0 1.0 1.0 1.0  # 44 B737-800 CAT-D
81.48 106.48 120.00 100 200 1.3333333333333333 1.3333333333333333 1.6666666666666667 1.3333333333333333 1.0 1.0 1.0 1.6666666666666667 1.0 1.0 1.0 1.0 1.0 1.3333333333333333 1.3333333333333333 1.0 1.0 1.6666666666666667 1.0 1.3333333333333333 1.3333333333333333 1.0 1.3333333333333333 1.0 1.3333333333333333 1.0 1.3333333333333333 1.3333333333333333 1.6666666666666667 2.0 1.0 1.3333333333333333 1.3333333333333333 1.6666666666666667 1.3333333333333333 1.3333333333333333 1.6666666666666667 1.3333333333333333 1.0 1.3333333333333333 1.3333333333333333 1.3333333333333333 1.3333333333333333 1.3333333333333333 1.0 1.0 1.0 1.3333333333333333 1.0  # 45 A330-300 CAT-C
57.22 82.22 107.22 100 200 1.3333333333333333 1.3333333333333333 1.6666666666666667 1.3333333333333333 1.0 1.0 1.0 1.6666666666666667 1.0 1.0 1.0 1.0 1.0 1.3333333333333333 1.3333333333333333 1.0 1.0 1.6666666666666667 1.0 1.3333333333333333 1.3333333333333333 1.0 1.3333333333333333 1.0 1.3333333333333333 1.0 1.3333333333333333 1.3333333333333333 1.6666666666666667 2.0 1.0 1.3333333333333333 1.3333333333333333 1.6666666666666667 1.3333333333333333 1.3333333333333333 1.6666666666666667 1.3333333333333333 1.0 1.3333333333333333 1.3333333333333333 1.3333333333333333 1.3333333333333333 1.3333333333333333 1.0 1.0 1.0 1.3333333333333333 1.0  # 46 A300-600 CAT-C
62.92 87.92 112.92 100 200 1.3333333333333333 1.3333333333333333 1.6666666666666667 1.3333333333333333 1.0 1.0 1.0 1.6666666666666667 1.0 1.0 1.0 1.0 1.0 1.3333333333333333 1.3333333333333333 1.0 1.0 1.6666666666666667 1.0 1.3333333333333333 1.3333333333333333 1.0 1.3333333333333333 1.0 1.3333333333333333 1.0 1.3333333333333333 1.3333333333333333 1.6666666666666667 2.0 1.0 1.3333333333333333 1.3333333333333333 1.6666666666666667 1.3333333333333333 1.3333333333333333 1.6666666666666667 1.3333333333333333 1.0 1.3333333333333333 1.3333333333333333 1.3333333333333333 1.3333333333333333 1.3333333333333333 1.0 1.0 1.0 1.3333333333333333 1.0  # 47 A330-300 CAT-C
34.02 54.02 74.02 60 150 1.0 1.0 1.0 1.0 1.0 1.0 1.0 1.0 1.0 1.0 1.0 1.0 1.0 1.0 1.0 1.0 1.0 1.0 1.0 1.0 1.0 1.0 1.0 1.0 1.0 1.0 1.0 1.0 1.0 2.0 1.0 1.0 1.0 1.0 1.0 1.0 1.0 1.0 1.0 1.0 1.0 1.0 1.0 1.0 1.0 1.0 1.0 1.0 1.0  # 48 B737-800 CAT-D
54.77 79.77 104.77 100 200 1.3333333333333333 1.3333333333333333 1.6666666666666667 1.3333333333333333 1.0 1.0 1.0 1.6666666666666667 1.0 1.0 1.0 1.0 1.0 1.3333333333333333 1.3333333333333333 1.0 1.0 1.6666666666666667 1.0 1.3333333333333333 1.3333333333333333 1.0 1.3333333333333333 1.0 1.3333333333333333 1.0 1.3333333333333333 1.3333333333333333 1.6666666666666667 2.0 1.0 1.3333333333333333 1.3333333333333333 1.6666666666666667 1.3333333333333333 1.3333333333333333 1.6666666666666667 1.3333333333333333 1.0 1.3333333333333333 1.3333333333333333 1.3333333333333333 1.3333333333333333 1.3333333333333333 1.0 1.0 1.0 1.3333333333333333 1.0  # 49 A330-300 CAT-C
