# Schiphol Airport Landing Scenario - sensitivity_a30_r3
# Realistic evening rush hour (18:00-20:00)
# 30 aircraft, 3 runway(s)
# Aircraft mix: 9 Heavy, 18 Medium, 3 Light
# Time unit: MINUTES from 18:00 (base time)
# Costs: EUR per MINUTE early/late
# Separation: Based on ICAO wake turbulence categories
#
# Format: num_aircraft freeze_time
# For each aircraft: appearance_time target_time latest_time early_penalty late_penalty sep_1 sep_2 ... sep_n
# Aircraft types (in order): M H L H H H L M M M H H M M L H M M M M M M M M H H M M M M
30 0.0
77.4 83.5 91.8 60 150 0.0 1.0 2.0 1.0 1.0 1.0 2.0 1.0 1.0 1.0 1.0 1.0 1.0 1.0 2.0 1.0 1.0 1.0 1.0 1.0 1.0 1.0 1.0 1.0 1.0 1.0 1.0 1.0 1.0 1.0  # A1 (Medium)
76.3 84.3 97.5 100 200 2.0 0.0 3.0 1.5 1.5 1.5 3.0 2.0 2.0 2.0 1.5 1.5 2.0 2.0 3.0 1.5 2.0 2.0 2.0 2.0 2.0 2.0 2.0 2.0 1.5 1.5 2.0 2.0 2.0 2.0  # A2 (Heavy)
66.5 72.3 77.6 30 80 1.0 1.0 0.0 1.0 1.0 1.0 1.0 1.0 1.0 1.0 1.0 1.0 1.0 1.0 1.0 1.0 1.0 1.0 1.0 1.0 1.0 1.0 1.0 1.0 1.0 1.0 1.0 1.0 1.0 1.0  # A3 (Light)
27.8 36.4 45.6 100 200 2.0 1.5 3.0 0.0 1.5 1.5 3.0 2.0 2.0 2.0 1.5 1.5 2.0 2.0 3.0 1.5 2.0 2.0 2.0 2.0 2.0 2.0 2.0 2.0 1.5 1.5 2.0 2.0 2.0 2.0  # A4 (Heavy)
98.6 106.6 117.5 100 200 2.0 1.5 3.0 1.5 0.0 1.5 3.0 2.0 2.0 2.0 1.5 1.5 2.0 2.0 3.0 1.5 2.0 2.0 2.0 2.0 2.0 2.0 2.0 2.0 1.5 1.5 2.0 2.0 2.0 2.0  # A5 (Heavy)
61.9 68.0 81.1 100 200 2.0 1.5 3.0 1.5 1.5 0.0 3.0 2.0 2.0 2.0 1.5 1.5 2.0 2.0 3.0 1.5 2.0 2.0 2.0 2.0 2.0 2.0 2.0 2.0 1.5 1.5 2.0 2.0 2.0 2.0  # A6 (Heavy)
83.5 87.0 96.8 30 80 1.0 1.0 1.0 1.0 1.0 1.0 0.0 1.0 1.0 1.0 1.0 1.0 1.0 1.0 1.0 1.0 1.0 1.0 1.0 1.0 1.0 1.0 1.0 1.0 1.0 1.0 1.0 1.0 1.0 1.0  # A7 (Light)
114.6 118.3 128.5 60 150 1.0 1.0 2.0 1.0 1.0 1.0 2.0 0.0 1.0 1.0 1.0 1.0 1.0 1.0 2.0 1.0 1.0 1.0 1.0 1.0 1.0 1.0 1.0 1.0 1.0 1.0 1.0 1.0 1.0 1.0  # A8 (Medium)
70.8 74.0 86.3 60 150 1.0 1.0 2.0 1.0 1.0 1.0 2.0 1.0 0.0 1.0 1.0 1.0 1.0 1.0 2.0 1.0 1.0 1.0 1.0 1.0 1.0 1.0 1.0 1.0 1.0 1.0 1.0 1.0 1.0 1.0  # A9 (Medium)
70.4 74.1 86.8 60 150 1.0 1.0 2.0 1.0 1.0 1.0 2.0 1.0 1.0 0.0 1.0 1.0 1.0 1.0 2.0 1.0 1.0 1.0 1.0 1.0 1.0 1.0 1.0 1.0 1.0 1.0 1.0 1.0 1.0 1.0  # A10 (Medium)
55.9 62.8 78.0 100 200 2.0 1.5 3.0 1.5 1.5 1.5 3.0 2.0 2.0 2.0 0.0 1.5 2.0 2.0 3.0 1.5 2.0 2.0 2.0 2.0 2.0 2.0 2.0 2.0 1.5 1.5 2.0 2.0 2.0 2.0  # A11 (Heavy)
11.3 17.0 32.5 100 200 2.0 1.5 3.0 1.5 1.5 1.5 3.0 2.0 2.0 2.0 1.5 0.0 2.0 2.0 3.0 1.5 2.0 2.0 2.0 2.0 2.0 2.0 2.0 2.0 1.5 1.5 2.0 2.0 2.0 2.0  # A12 (Heavy)
77.0 83.9 91.2 60 150 1.0 1.0 2.0 1.0 1.0 1.0 2.0 1.0 1.0 1.0 1.0 1.0 0.0 1.0 2.0 1.0 1.0 1.0 1.0 1.0 1.0 1.0 1.0 1.0 1.0 1.0 1.0 1.0 1.0 1.0  # A13 (Medium)
77.6 81.6 94.7 60 150 1.0 1.0 2.0 1.0 1.0 1.0 2.0 1.0 1.0 1.0 1.0 1.0 1.0 0.0 2.0 1.0 1.0 1.0 1.0 1.0 1.0 1.0 1.0 1.0 1.0 1.0 1.0 1.0 1.0 1.0  # A14 (Medium)
80.2 86.8 93.0 30 80 1.0 1.0 1.0 1.0 1.0 1.0 1.0 1.0 1.0 1.0 1.0 1.0 1.0 1.0 0.0 1.0 1.0 1.0 1.0 1.0 1.0 1.0 1.0 1.0 1.0 1.0 1.0 1.0 1.0 1.0  # A15 (Light)
45.2 51.1 65.7 100 200 2.0 1.5 3.0 1.5 1.5 1.5 3.0 2.0 2.0 2.0 1.5 1.5 2.0 2.0 3.0 0.0 2.0 2.0 2.0 2.0 2.0 2.0 2.0 2.0 1.5 1.5 2.0 2.0 2.0 2.0  # A16 (Heavy)
13.9 19.7 28.1 60 150 1.0 1.0 2.0 1.0 1.0 1.0 2.0 1.0 1.0 1.0 1.0 1.0 1.0 1.0 2.0 1.0 0.0 1.0 1.0 1.0 1.0 1.0 1.0 1.0 1.0 1.0 1.0 1.0 1.0 1.0  # A17 (Medium)
75.4 79.5 89.7 60 150 1.0 1.0 2.0 1.0 1.0 1.0 2.0 1.0 1.0 1.0 1.0 1.0 1.0 1.0 2.0 1.0 1.0 0.0 1.0 1.0 1.0 1.0 1.0 1.0 1.0 1.0 1.0 1.0 1.0 1.0  # A18 (Medium)
114.8 120.8 129.9 60 150 1.0 1.0 2.0 1.0 1.0 1.0 2.0 1.0 1.0 1.0 1.0 1.0 1.0 1.0 2.0 1.0 1.0 1.0 0.0 1.0 1.0 1.0 1.0 1.0 1.0 1.0 1.0 1.0 1.0 1.0  # A19 (Medium)
34.9 42.1 50.3 60 150 1.0 1.0 2.0 1.0 1.0 1.0 2.0 1.0 1.0 1.0 1.0 1.0 1.0 1.0 2.0 1.0 1.0 1.0 1.0 0.0 1.0 1.0 1.0 1.0 1.0 1.0 1.0 1.0 1.0 1.0  # A20 (Medium)
9.7 13.2 25.9 60 150 1.0 1.0 2.0 1.0 1.0 1.0 2.0 1.0 1.0 1.0 1.0 1.0 1.0 1.0 2.0 1.0 1.0 1.0 1.0 1.0 0.0 1.0 1.0 1.0 1.0 1.0 1.0 1.0 1.0 1.0  # A21 (Medium)
55.5 61.6 70.6 60 150 1.0 1.0 2.0 1.0 1.0 1.0 2.0 1.0 1.0 1.0 1.0 1.0 1.0 1.0 2.0 1.0 1.0 1.0 1.0 1.0 1.0 0.0 1.0 1.0 1.0 1.0 1.0 1.0 1.0 1.0  # A22 (Medium)
89.8 94.0 106.9 60 150 1.0 1.0 2.0 1.0 1.0 1.0 2.0 1.0 1.0 1.0 1.0 1.0 1.0 1.0 2.0 1.0 1.0 1.0 1.0 1.0 1.0 1.0 0.0 1.0 1.0 1.0 1.0 1.0 1.0 1.0  # A23 (Medium)
76.9 82.5 93.1 60 150 1.0 1.0 2.0 1.0 1.0 1.0 2.0 1.0 1.0 1.0 1.0 1.0 1.0 1.0 2.0 1.0 1.0 1.0 1.0 1.0 1.0 1.0 1.0 0.0 1.0 1.0 1.0 1.0 1.0 1.0  # A24 (Medium)
107.8 113.6 124.3 100 200 2.0 1.5 3.0 1.5 1.5 1.5 3.0 2.0 2.0 2.0 1.5 1.5 2.0 2.0 3.0 1.5 2.0 2.0 2.0 2.0 2.0 2.0 2.0 2.0 0.0 1.5 2.0 2.0 2.0 2.0  # A25 (Heavy)
22.7 31.9 43.4 100 200 2.0 1.5 3.0 1.5 1.5 1.5 3.0 2.0 2.0 2.0 1.5 1.5 2.0 2.0 3.0 1.5 2.0 2.0 2.0 2.0 2.0 2.0 2.0 2.0 1.5 0.0 2.0 2.0 2.0 2.0  # A26 (Heavy)
81.9 88.3 94.8 60 150 1.0 1.0 2.0 1.0 1.0 1.0 2.0 1.0 1.0 1.0 1.0 1.0 1.0 1.0 2.0 1.0 1.0 1.0 1.0 1.0 1.0 1.0 1.0 1.0 1.0 1.0 0.0 1.0 1.0 1.0  # A27 (Medium)
55.9 62.9 72.6 60 150 1.0 1.0 2.0 1.0 1.0 1.0 2.0 1.0 1.0 1.0 1.0 1.0 1.0 1.0 2.0 1.0 1.0 1.0 1.0 1.0 1.0 1.0 1.0 1.0 1.0 1.0 1.0 0.0 1.0 1.0  # A28 (Medium)
75.1 79.9 92.1 60 150 1.0 1.0 2.0 1.0 1.0 1.0 2.0 1.0 1.0 1.0 1.0 1.0 1.0 1.0 2.0 1.0 1.0 1.0 1.0 1.0 1.0 1.0 1.0 1.0 1.0 1.0 1.0 1.0 0.0 1.0  # A29 (Medium)
84.2 88.9 99.6 60 150 1.0 1.0 2.0 1.0 1.0 1.0 2.0 1.0 1.0 1.0 1.0 1.0 1.0 1.0 2.0 1.0 1.0 1.0 1.0 1.0 1.0 1.0 1.0 1.0 1.0 1.0 1.0 1.0 1.0 0.0  # A30 (Medium)
