# Schiphol Airport Landing Scenario - sensitivity_a50_r1
# Realistic evening rush hour (18:00-20:00)
# 50 aircraft, 1 runway(s)
# Aircraft mix: 15 Heavy, 30 Medium, 5 Light
# Time unit: MINUTES from 18:00 (base time)
# Costs: EUR per MINUTE early/late
# Separation: Based on ICAO wake turbulence categories
#
# Format: num_aircraft freeze_time
# For each aircraft: appearance_time target_time latest_time early_penalty late_penalty sep_1 sep_2 ... sep_n
# Aircraft types (in order): M H H L M M M L M H L M H M H M H M H H M M M H M M M M M M H M H H M M M M H M H M M L M M M H L M
50 0.0
82.4 86.0 98.7 60 150 0.0 1.0 1.0 2.0 1.0 1.0 1.0 2.0 1.0 1.0 2.0 1.0 1.0 1.0 1.0 1.0 1.0 1.0 1.0 1.0 1.0 1.0 1.0 1.0 1.0 1.0 1.0 1.0 1.0 1.0 1.0 1.0 1.0 1.0 1.0 1.0 1.0 1.0 1.0 1.0 1.0 1.0 1.0 2.0 1.0 1.0 1.0 1.0 2.0 1.0  # A1 (Medium)
11.6 19.1 32.4 100 200 2.0 0.0 1.5 3.0 2.0 2.0 2.0 3.0 2.0 1.5 3.0 2.0 1.5 2.0 1.5 2.0 1.5 2.0 1.5 1.5 2.0 2.0 2.0 1.5 2.0 2.0 2.0 2.0 2.0 2.0 1.5 2.0 1.5 1.5 2.0 2.0 2.0 2.0 1.5 2.0 1.5 2.0 2.0 3.0 2.0 2.0 2.0 1.5 3.0 2.0  # A2 (Heavy)
76.9 83.6 93.1 100 200 2.0 1.5 0.0 3.0 2.0 2.0 2.0 3.0 2.0 1.5 3.0 2.0 1.5 2.0 1.5 2.0 1.5 2.0 1.5 1.5 2.0 2.0 2.0 1.5 2.0 2.0 2.0 2.0 2.0 2.0 1.5 2.0 1.5 1.5 2.0 2.0 2.0 2.0 1.5 2.0 1.5 2.0 2.0 3.0 2.0 2.0 2.0 1.5 3.0 2.0  # A3 (Heavy)
82.8 87.2 95.7 30 80 1.0 1.0 1.0 0.0 1.0 1.0 1.0 1.0 1.0 1.0 1.0 1.0 1.0 1.0 1.0 1.0 1.0 1.0 1.0 1.0 1.0 1.0 1.0 1.0 1.0 1.0 1.0 1.0 1.0 1.0 1.0 1.0 1.0 1.0 1.0 1.0 1.0 1.0 1.0 1.0 1.0 1.0 1.0 1.0 1.0 1.0 1.0 1.0 1.0 1.0  # A4 (Light)
76.3 83.1 91.0 60 150 1.0 1.0 1.0 2.0 0.0 1.0 1.0 2.0 1.0 1.0 2.0 1.0 1.0 1.0 1.0 1.0 1.0 1.0 1.0 1.0 1.0 1.0 1.0 1.0 1.0 1.0 1.0 1.0 1.0 1.0 1.0 1.0 1.0 1.0 1.0 1.0 1.0 1.0 1.0 1.0 1.0 1.0 1.0 2.0 1.0 1.0 1.0 1.0 2.0 1.0  # A5 (Medium)
78.3 81.3 93.4 60 150 1.0 1.0 1.0 2.0 1.0 0.0 1.0 2.0 1.0 1.0 2.0 1.0 1.0 1.0 1.0 1.0 1.0 1.0 1.0 1.0 1.0 1.0 1.0 1.0 1.0 1.0 1.0 1.0 1.0 1.0 1.0 1.0 1.0 1.0 1.0 1.0 1.0 1.0 1.0 1.0 1.0 1.0 1.0 2.0 1.0 1.0 1.0 1.0 2.0 1.0  # A6 (Medium)
63.2 67.5 81.2 60 150 1.0 1.0 1.0 2.0 1.0 1.0 0.0 2.0 1.0 1.0 2.0 1.0 1.0 1.0 1.0 1.0 1.0 1.0 1.0 1.0 1.0 1.0 1.0 1.0 1.0 1.0 1.0 1.0 1.0 1.0 1.0 1.0 1.0 1.0 1.0 1.0 1.0 1.0 1.0 1.0 1.0 1.0 1.0 2.0 1.0 1.0 1.0 1.0 2.0 1.0  # A7 (Medium)
77.1 78.8 88.7 30 80 1.0 1.0 1.0 1.0 1.0 1.0 1.0 0.0 1.0 1.0 1.0 1.0 1.0 1.0 1.0 1.0 1.0 1.0 1.0 1.0 1.0 1.0 1.0 1.0 1.0 1.0 1.0 1.0 1.0 1.0 1.0 1.0 1.0 1.0 1.0 1.0 1.0 1.0 1.0 1.0 1.0 1.0 1.0 1.0 1.0 1.0 1.0 1.0 1.0 1.0  # A8 (Light)
78.6 84.0 93.8 60 150 1.0 1.0 1.0 2.0 1.0 1.0 1.0 2.0 0.0 1.0 2.0 1.0 1.0 1.0 1.0 1.0 1.0 1.0 1.0 1.0 1.0 1.0 1.0 1.0 1.0 1.0 1.0 1.0 1.0 1.0 1.0 1.0 1.0 1.0 1.0 1.0 1.0 1.0 1.0 1.0 1.0 1.0 1.0 2.0 1.0 1.0 1.0 1.0 2.0 1.0  # A9 (Medium)
54.3 61.5 72.4 100 200 2.0 1.5 1.5 3.0 2.0 2.0 2.0 3.0 2.0 0.0 3.0 2.0 1.5 2.0 1.5 2.0 1.5 2.0 1.5 1.5 2.0 2.0 2.0 1.5 2.0 2.0 2.0 2.0 2.0 2.0 1.5 2.0 1.5 1.5 2.0 2.0 2.0 2.0 1.5 2.0 1.5 2.0 2.0 3.0 2.0 2.0 2.0 1.5 3.0 2.0  # A10 (Heavy)
98.7 100.9 111.7 30 80 1.0 1.0 1.0 1.0 1.0 1.0 1.0 1.0 1.0 1.0 0.0 1.0 1.0 1.0 1.0 1.0 1.0 1.0 1.0 1.0 1.0 1.0 1.0 1.0 1.0 1.0 1.0 1.0 1.0 1.0 1.0 1.0 1.0 1.0 1.0 1.0 1.0 1.0 1.0 1.0 1.0 1.0 1.0 1.0 1.0 1.0 1.0 1.0 1.0 1.0  # A11 (Light)
18.1 23.8 34.6 60 150 1.0 1.0 1.0 2.0 1.0 1.0 1.0 2.0 1.0 1.0 2.0 0.0 1.0 1.0 1.0 1.0 1.0 1.0 1.0 1.0 1.0 1.0 1.0 1.0 1.0 1.0 1.0 1.0 1.0 1.0 1.0 1.0 1.0 1.0 1.0 1.0 1.0 1.0 1.0 1.0 1.0 1.0 1.0 2.0 1.0 1.0 1.0 1.0 2.0 1.0  # A12 (Medium)
59.7 67.7 77.1 100 200 2.0 1.5 1.5 3.0 2.0 2.0 2.0 3.0 2.0 1.5 3.0 2.0 0.0 2.0 1.5 2.0 1.5 2.0 1.5 1.5 2.0 2.0 2.0 1.5 2.0 2.0 2.0 2.0 2.0 2.0 1.5 2.0 1.5 1.5 2.0 2.0 2.0 2.0 1.5 2.0 1.5 2.0 2.0 3.0 2.0 2.0 2.0 1.5 3.0 2.0  # A13 (Heavy)
78.3 83.0 91.7 60 150 1.0 1.0 1.0 2.0 1.0 1.0 1.0 2.0 1.0 1.0 2.0 1.0 1.0 0.0 1.0 1.0 1.0 1.0 1.0 1.0 1.0 1.0 1.0 1.0 1.0 1.0 1.0 1.0 1.0 1.0 1.0 1.0 1.0 1.0 1.0 1.0 1.0 1.0 1.0 1.0 1.0 1.0 1.0 2.0 1.0 1.0 1.0 1.0 2.0 1.0  # A14 (Medium)
73.8 80.4 93.0 100 200 2.0 1.5 1.5 3.0 2.0 2.0 2.0 3.0 2.0 1.5 3.0 2.0 1.5 2.0 0.0 2.0 1.5 2.0 1.5 1.5 2.0 2.0 2.0 1.5 2.0 2.0 2.0 2.0 2.0 2.0 1.5 2.0 1.5 1.5 2.0 2.0 2.0 2.0 1.5 2.0 1.5 2.0 2.0 3.0 2.0 2.0 2.0 1.5 3.0 2.0  # A15 (Heavy)
66.8 69.9 79.7 60 150 1.0 1.0 1.0 2.0 1.0 1.0 1.0 2.0 1.0 1.0 2.0 1.0 1.0 1.0 1.0 0.0 1.0 1.0 1.0 1.0 1.0 1.0 1.0 1.0 1.0 1.0 1.0 1.0 1.0 1.0 1.0 1.0 1.0 1.0 1.0 1.0 1.0 1.0 1.0 1.0 1.0 1.0 1.0 2.0 1.0 1.0 1.0 1.0 2.0 1.0  # A16 (Medium)
54.1 62.1 71.0 100 200 2.0 1.5 1.5 3.0 2.0 2.0 2.0 3.0 2.0 1.5 3.0 2.0 1.5 2.0 1.5 2.0 0.0 2.0 1.5 1.5 2.0 2.0 2.0 1.5 2.0 2.0 2.0 2.0 2.0 2.0 1.5 2.0 1.5 1.5 2.0 2.0 2.0 2.0 1.5 2.0 1.5 2.0 2.0 3.0 2.0 2.0 2.0 1.5 3.0 2.0  # A17 (Heavy)
79.9 85.3 95.0 60 150 1.0 1.0 1.0 2.0 1.0 1.0 1.0 2.0 1.0 1.0 2.0 1.0 1.0 1.0 1.0 1.0 1.0 0.0 1.0 1.0 1.0 1.0 1.0 1.0 1.0 1.0 1.0 1.0 1.0 1.0 1.0 1.0 1.0 1.0 1.0 1.0 1.0 1.0 1.0 1.0 1.0 1.0 1.0 2.0 1.0 1.0 1.0 1.0 2.0 1.0  # A18 (Medium)
31.8 38.5 49.5 100 200 2.0 1.5 1.5 3.0 2.0 2.0 2.0 3.0 2.0 1.5 3.0 2.0 1.5 2.0 1.5 2.0 1.5 2.0 0.0 1.5 2.0 2.0 2.0 1.5 2.0 2.0 2.0 2.0 2.0 2.0 1.5 2.0 1.5 1.5 2.0 2.0 2.0 2.0 1.5 2.0 1.5 2.0 2.0 3.0 2.0 2.0 2.0 1.5 3.0 2.0  # A19 (Heavy)
56.7 63.6 74.7 100 200 2.0 1.5 1.5 3.0 2.0 2.0 2.0 3.0 2.0 1.5 3.0 2.0 1.5 2.0 1.5 2.0 1.5 2.0 1.5 0.0 2.0 2.0 2.0 1.5 2.0 2.0 2.0 2.0 2.0 2.0 1.5 2.0 1.5 1.5 2.0 2.0 2.0 2.0 1.5 2.0 1.5 2.0 2.0 3.0 2.0 2.0 2.0 1.5 3.0 2.0  # A20 (Heavy)
107.1 110.6 121.7 60 150 1.0 1.0 1.0 2.0 1.0 1.0 1.0 2.0 1.0 1.0 2.0 1.0 1.0 1.0 1.0 1.0 1.0 1.0 1.0 1.0 0.0 1.0 1.0 1.0 1.0 1.0 1.0 1.0 1.0 1.0 1.0 1.0 1.0 1.0 1.0 1.0 1.0 1.0 1.0 1.0 1.0 1.0 1.0 2.0 1.0 1.0 1.0 1.0 2.0 1.0  # A21 (Medium)
58.8 64.1 73.9 60 150 1.0 1.0 1.0 2.0 1.0 1.0 1.0 2.0 1.0 1.0 2.0 1.0 1.0 1.0 1.0 1.0 1.0 1.0 1.0 1.0 1.0 0.0 1.0 1.0 1.0 1.0 1.0 1.0 1.0 1.0 1.0 1.0 1.0 1.0 1.0 1.0 1.0 1.0 1.0 1.0 1.0 1.0 1.0 2.0 1.0 1.0 1.0 1.0 2.0 1.0  # A22 (Medium)
82.2 87.6 97.8 60 150 1.0 1.0 1.0 2.0 1.0 1.0 1.0 2.0 1.0 1.0 2.0 1.0 1.0 1.0 1.0 1.0 1.0 1.0 1.0 1.0 1.0 1.0 0.0 1.0 1.0 1.0 1.0 1.0 1.0 1.0 1.0 1.0 1.0 1.0 1.0 1.0 1.0 1.0 1.0 1.0 1.0 1.0 1.0 2.0 1.0 1.0 1.0 1.0 2.0 1.0  # A23 (Medium)
82.1 89.2 100.3 100 200 2.0 1.5 1.5 3.0 2.0 2.0 2.0 3.0 2.0 1.5 3.0 2.0 1.5 2.0 1.5 2.0 1.5 2.0 1.5 1.5 2.0 2.0 2.0 0.0 2.0 2.0 2.0 2.0 2.0 2.0 1.5 2.0 1.5 1.5 2.0 2.0 2.0 2.0 1.5 2.0 1.5 2.0 2.0 3.0 2.0 2.0 2.0 1.5 3.0 2.0  # A24 (Heavy)
83.6 87.1 99.7 60 150 1.0 1.0 1.0 2.0 1.0 1.0 1.0 2.0 1.0 1.0 2.0 1.0 1.0 1.0 1.0 1.0 1.0 1.0 1.0 1.0 1.0 1.0 1.0 1.0 0.0 1.0 1.0 1.0 1.0 1.0 1.0 1.0 1.0 1.0 1.0 1.0 1.0 1.0 1.0 1.0 1.0 1.0 1.0 2.0 1.0 1.0 1.0 1.0 2.0 1.0  # A25 (Medium)
8.9 13.9 25.6 60 150 1.0 1.0 1.0 2.0 1.0 1.0 1.0 2.0 1.0 1.0 2.0 1.0 1.0 1.0 1.0 1.0 1.0 1.0 1.0 1.0 1.0 1.0 1.0 1.0 1.0 0.0 1.0 1.0 1.0 1.0 1.0 1.0 1.0 1.0 1.0 1.0 1.0 1.0 1.0 1.0 1.0 1.0 1.0 2.0 1.0 1.0 1.0 1.0 2.0 1.0  # A26 (Medium)
56.7 59.9 72.5 60 150 1.0 1.0 1.0 2.0 1.0 1.0 1.0 2.0 1.0 1.0 2.0 1.0 1.0 1.0 1.0 1.0 1.0 1.0 1.0 1.0 1.0 1.0 1.0 1.0 1.0 1.0 0.0 1.0 1.0 1.0 1.0 1.0 1.0 1.0 1.0 1.0 1.0 1.0 1.0 1.0 1.0 1.0 1.0 2.0 1.0 1.0 1.0 1.0 2.0 1.0  # A27 (Medium)
62.7 67.5 75.9 60 150 1.0 1.0 1.0 2.0 1.0 1.0 1.0 2.0 1.0 1.0 2.0 1.0 1.0 1.0 1.0 1.0 1.0 1.0 1.0 1.0 1.0 1.0 1.0 1.0 1.0 1.0 1.0 0.0 1.0 1.0 1.0 1.0 1.0 1.0 1.0 1.0 1.0 1.0 1.0 1.0 1.0 1.0 1.0 2.0 1.0 1.0 1.0 1.0 2.0 1.0  # A28 (Medium)
78.8 85.5 95.3 60 150 1.0 1.0 1.0 2.0 1.0 1.0 1.0 2.0 1.0 1.0 2.0 1.0 1.0 1.0 1.0 1.0 1.0 1.0 1.0 1.0 1.0 1.0 1.0 1.0 1.0 1.0 1.0 1.0 0.0 1.0 1.0 1.0 1.0 1.0 1.0 1.0 1.0 1.0 1.0 1.0 1.0 1.0 1.0 2.0 1.0 1.0 1.0 1.0 2.0 1.0  # A29 (Medium)
76.3 79.1 89.2 60 150 1.0 1.0 1.0 2.0 1.0 1.0 1.0 2.0 1.0 1.0 2.0 1.0 1.0 1.0 1.0 1.0 1.0 1.0 1.0 1.0 1.0 1.0 1.0 1.0 1.0 1.0 1.0 1.0 1.0 0.0 1.0 1.0 1.0 1.0 1.0 1.0 1.0 1.0 1.0 1.0 1.0 1.0 1.0 2.0 1.0 1.0 1.0 1.0 2.0 1.0  # A30 (Medium)
77.3 83.1 94.6 100 200 2.0 1.5 1.5 3.0 2.0 2.0 2.0 3.0 2.0 1.5 3.0 2.0 1.5 2.0 1.5 2.0 1.5 2.0 1.5 1.5 2.0 2.0 2.0 1.5 2.0 2.0 2.0 2.0 2.0 2.0 0.0 2.0 1.5 1.5 2.0 2.0 2.0 2.0 1.5 2.0 1.5 2.0 2.0 3.0 2.0 2.0 2.0 1.5 3.0 2.0  # A31 (Heavy)
12.2 16.6 27.1 60 150 1.0 1.0 1.0 2.0 1.0 1.0 1.0 2.0 1.0 1.0 2.0 1.0 1.0 1.0 1.0 1.0 1.0 1.0 1.0 1.0 1.0 1.0 1.0 1.0 1.0 1.0 1.0 1.0 1.0 1.0 1.0 0.0 1.0 1.0 1.0 1.0 1.0 1.0 1.0 1.0 1.0 1.0 1.0 2.0 1.0 1.0 1.0 1.0 2.0 1.0  # A32 (Medium)
75.8 82.7 96.2 100 200 2.0 1.5 1.5 3.0 2.0 2.0 2.0 3.0 2.0 1.5 3.0 2.0 1.5 2.0 1.5 2.0 1.5 2.0 1.5 1.5 2.0 2.0 2.0 1.5 2.0 2.0 2.0 2.0 2.0 2.0 1.5 2.0 0.0 1.5 2.0 2.0 2.0 2.0 1.5 2.0 1.5 2.0 2.0 3.0 2.0 2.0 2.0 1.5 3.0 2.0  # A33 (Heavy)
83.6 91.4 103.1 100 200 2.0 1.5 1.5 3.0 2.0 2.0 2.0 3.0 2.0 1.5 3.0 2.0 1.5 2.0 1.5 2.0 1.5 2.0 1.5 1.5 2.0 2.0 2.0 1.5 2.0 2.0 2.0 2.0 2.0 2.0 1.5 2.0 1.5 0.0 2.0 2.0 2.0 2.0 1.5 2.0 1.5 2.0 2.0 3.0 2.0 2.0 2.0 1.5 3.0 2.0  # A34 (Heavy)
68.2 71.1 84.5 60 150 1.0 1.0 1.0 2.0 1.0 1.0 1.0 2.0 1.0 1.0 2.0 1.0 1.0 1.0 1.0 1.0 1.0 1.0 1.0 1.0 1.0 1.0 1.0 1.0 1.0 1.0 1.0 1.0 1.0 1.0 1.0 1.0 1.0 1.0 0.0 1.0 1.0 1.0 1.0 1.0 1.0 1.0 1.0 2.0 1.0 1.0 1.0 1.0 2.0 1.0  # A35 (Medium)
21.8 26.8 35.0 60 150 1.0 1.0 1.0 2.0 1.0 1.0 1.0 2.0 1.0 1.0 2.0 1.0 1.0 1.0 1.0 1.0 1.0 1.0 1.0 1.0 1.0 1.0 1.0 1.0 1.0 1.0 1.0 1.0 1.0 1.0 1.0 1.0 1.0 1.0 1.0 0.0 1.0 1.0 1.0 1.0 1.0 1.0 1.0 2.0 1.0 1.0 1.0 1.0 2.0 1.0  # A36 (Medium)
78.1 81.1 91.3 60 150 1.0 1.0 1.0 2.0 1.0 1.0 1.0 2.0 1.0 1.0 2.0 1.0 1.0 1.0 1.0 1.0 1.0 1.0 1.0 1.0 1.0 1.0 1.0 1.0 1.0 1.0 1.0 1.0 1.0 1.0 1.0 1.0 1.0 1.0 1.0 1.0 0.0 1.0 1.0 1.0 1.0 1.0 1.0 2.0 1.0 1.0 1.0 1.0 2.0 1.0  # A37 (Medium)
65.9 71.2 79.8 60 150 1.0 1.0 1.0 2.0 1.0 1.0 1.0 2.0 1.0 1.0 2.0 1.0 1.0 1.0 1.0 1.0 1.0 1.0 1.0 1.0 1.0 1.0 1.0 1.0 1.0 1.0 1.0 1.0 1.0 1.0 1.0 1.0 1.0 1.0 1.0 1.0 1.0 0.0 1.0 1.0 1.0 1.0 1.0 2.0 1.0 1.0 1.0 1.0 2.0 1.0  # A38 (Medium)
97.1 102.5 114.8 100 200 2.0 1.5 1.5 3.0 2.0 2.0 2.0 3.0 2.0 1.5 3.0 2.0 1.5 2.0 1.5 2.0 1.5 2.0 1.5 1.5 2.0 2.0 2.0 1.5 2.0 2.0 2.0 2.0 2.0 2.0 1.5 2.0 1.5 1.5 2.0 2.0 2.0 2.0 0.0 2.0 1.5 2.0 2.0 3.0 2.0 2.0 2.0 1.5 3.0 2.0  # A39 (Heavy)
59.9 64.6 75.6 60 150 1.0 1.0 1.0 2.0 1.0 1.0 1.0 2.0 1.0 1.0 2.0 1.0 1.0 1.0 1.0 1.0 1.0 1.0 1.0 1.0 1.0 1.0 1.0 1.0 1.0 1.0 1.0 1.0 1.0 1.0 1.0 1.0 1.0 1.0 1.0 1.0 1.0 1.0 1.0 0.0 1.0 1.0 1.0 2.0 1.0 1.0 1.0 1.0 2.0 1.0  # A40 (Medium)
3.4 9.5 22.2 100 200 2.0 1.5 1.5 3.0 2.0 2.0 2.0 3.0 2.0 1.5 3.0 2.0 1.5 2.0 1.5 2.0 1.5 2.0 1.5 1.5 2.0 2.0 2.0 1.5 2.0 2.0 2.0 2.0 2.0 2.0 1.5 2.0 1.5 1.5 2.0 2.0 2.0 2.0 1.5 2.0 0.0 2.0 2.0 3.0 2.0 2.0 2.0 1.5 3.0 2.0  # A41 (Heavy)
55.6 61.6 70.9 60 150 1.0 1.0 1.0 2.0 1.0 1.0 1.0 2.0 1.0 1.0 2.0 1.0 1.0 1.0 1.0 1.0 1.0 1.0 1.0 1.0 1.0 1.0 1.0 1.0 1.0 1.0 1.0 1.0 1.0 1.0 1.0 1.0 1.0 1.0 1.0 1.0 1.0 1.0 1.0 1.0 1.0 0.0 1.0 2.0 1.0 1.0 1.0 1.0 2.0 1.0  # A42 (Medium)
20.2 24.2 35.3 60 150 1.0 1.0 1.0 2.0 1.0 1.0 1.0 2.0 1.0 1.0 2.0 1.0 1.0 1.0 1.0 1.0 1.0 1.0 1.0 1.0 1.0 1.0 1.0 1.0 1.0 1.0 1.0 1.0 1.0 1.0 1.0 1.0 1.0 1.0 1.0 1.0 1.0 1.0 1.0 1.0 1.0 1.0 0.0 2.0 1.0 1.0 1.0 1.0 2.0 1.0  # A43 (Medium)
64.7 68.4 76.5 30 80 1.0 1.0 1.0 1.0 1.0 1.0 1.0 1.0 1.0 1.0 1.0 1.0 1.0 1.0 1.0 1.0 1.0 1.0 1.0 1.0 1.0 1.0 1.0 1.0 1.0 1.0 1.0 1.0 1.0 1.0 1.0 1.0 1.0 1.0 1.0 1.0 1.0 1.0 1.0 1.0 1.0 1.0 1.0 0.0 1.0 1.0 1.0 1.0 1.0 1.0  # A44 (Light)
30.8 35.1 45.8 60 150 1.0 1.0 1.0 2.0 1.0 1.0 1.0 2.0 1.0 1.0 2.0 1.0 1.0 1.0 1.0 1.0 1.0 1.0 1.0 1.0 1.0 1.0 1.0 1.0 1.0 1.0 1.0 1.0 1.0 1.0 1.0 1.0 1.0 1.0 1.0 1.0 1.0 1.0 1.0 1.0 1.0 1.0 1.0 2.0 0.0 1.0 1.0 1.0 2.0 1.0  # A45 (Medium)
77.3 82.5 90.9 60 150 1.0 1.0 1.0 2.0 1.0 1.0 1.0 2.0 1.0 1.0 2.0 1.0 1.0 1.0 1.0 1.0 1.0 1.0 1.0 1.0 1.0 1.0 1.0 1.0 1.0 1.0 1.0 1.0 1.0 1.0 1.0 1.0 1.0 1.0 1.0 1.0 1.0 1.0 1.0 1.0 1.0 1.0 1.0 2.0 1.0 0.0 1.0 1.0 2.0 1.0  # A46 (Medium)
92.8 100.3 106.7 60 150 1.0 1.0 1.0 2.0 1.0 1.0 1.0 2.0 1.0 1.0 2.0 1.0 1.0 1.0 1.0 1.0 1.0 1.0 1.0 1.0 1.0 1.0 1.0 1.0 1.0 1.0 1.0 1.0 1.0 1.0 1.0 1.0 1.0 1.0 1.0 1.0 1.0 1.0 1.0 1.0 1.0 1.0 1.0 2.0 1.0 1.0 0.0 1.0 2.0 1.0  # A47 (Medium)
64.6 73.1 85.4 100 200 2.0 1.5 1.5 3.0 2.0 2.0 2.0 3.0 2.0 1.5 3.0 2.0 1.5 2.0 1.5 2.0 1.5 2.0 1.5 1.5 2.0 2.0 2.0 1.5 2.0 2.0 2.0 2.0 2.0 2.0 1.5 2.0 1.5 1.5 2.0 2.0 2.0 2.0 1.5 2.0 1.5 2.0 2.0 3.0 2.0 2.0 2.0 0.0 3.0 2.0  # A48 (Heavy)
42.6 45.8 55.2 30 80 1.0 1.0 1.0 1.0 1.0 1.0 1.0 1.0 1.0 1.0 1.0 1.0 1.0 1.0 1.0 1.0 1.0 1.0 1.0 1.0 1.0 1.0 1.0 1.0 1.0 1.0 1.0 1.0 1.0 1.0 1.0 1.0 1.0 1.0 1.0 1.0 1.0 1.0 1.0 1.0 1.0 1.0 1.0 1.0 1.0 1.0 1.0 1.0 0.0 1.0  # A49 (Light)
60.9 64.1 75.0 60 150 1.0 1.0 1.0 2.0 1.0 1.0 1.0 2.0 1.0 1.0 2.0 1.0 1.0 1.0 1.0 1.0 1.0 1.0 1.0 1.0 1.0 1.0 1.0 1.0 1.0 1.0 1.0 1.0 1.0 1.0 1.0 1.0 1.0 1.0 1.0 1.0 1.0 1.0 1.0 1.0 1.0 1.0 1.0 2.0 1.0 1.0 1.0 1.0 2.0 0.0  # A50 (Medium)
