# Schiphol Airport Landing Scenario - sensitivity_a20_r1
# Realistic evening rush hour (18:00-20:00)
# 20 aircraft, 1 runway(s)
# Aircraft mix: 6 Heavy, 12 Medium, 2 Light
# Time unit: MINUTES from 18:00 (base time)
# Costs: EUR per MINUTE early/late
# Separation: Based on ICAO wake turbulence categories
#
# Format: num_aircraft freeze_time
# For each aircraft: appearance_time target_time latest_time early_penalty late_penalty sep_1 sep_2 ... sep_n
# Aircraft types (in order): M M M M H M H H L M M M L M M H H M M H
20 0.0
82.0 85.3 97.3 60 150 0.0 1.0 1.0 1.0 1.0 1.0 1.0 1.0 2.0 1.0 1.0 1.0 2.0 1.0 1.0 1.0 1.0 1.0 1.0 1.0  # A1 (Medium)
76.9 81.7 94.3 60 150 1.0 0.0 1.0 1.0 1.0 1.0 1.0 1.0 2.0 1.0 1.0 1.0 2.0 1.0 1.0 1.0 1.0 1.0 1.0 1.0  # A2 (Medium)
81.4 83.8 96.9 60 150 1.0 1.0 0.0 1.0 1.0 1.0 1.0 1.0 2.0 1.0 1.0 1.0 2.0 1.0 1.0 1.0 1.0 1.0 1.0 1.0  # A3 (Medium)
81.2 88.1 95.8 60 150 1.0 1.0 1.0 0.0 1.0 1.0 1.0 1.0 2.0 1.0 1.0 1.0 2.0 1.0 1.0 1.0 1.0 1.0 1.0 1.0  # A4 (Medium)
77.6 85.1 96.0 100 200 2.0 2.0 2.0 2.0 0.0 2.0 1.5 1.5 3.0 2.0 2.0 2.0 3.0 2.0 2.0 1.5 1.5 2.0 2.0 1.5  # A5 (Heavy)
14.4 21.4 28.5 60 150 1.0 1.0 1.0 1.0 1.0 0.0 1.0 1.0 2.0 1.0 1.0 1.0 2.0 1.0 1.0 1.0 1.0 1.0 1.0 1.0  # A6 (Medium)
62.9 70.3 80.7 100 200 2.0 2.0 2.0 2.0 1.5 2.0 0.0 1.5 3.0 2.0 2.0 2.0 3.0 2.0 2.0 1.5 1.5 2.0 2.0 1.5  # A7 (Heavy)
59.9 66.3 77.6 100 200 2.0 2.0 2.0 2.0 1.5 2.0 1.5 0.0 3.0 2.0 2.0 2.0 3.0 2.0 2.0 1.5 1.5 2.0 2.0 1.5  # A8 (Heavy)
59.6 63.9 70.7 30 80 1.0 1.0 1.0 1.0 1.0 1.0 1.0 1.0 0.0 1.0 1.0 1.0 1.0 1.0 1.0 1.0 1.0 1.0 1.0 1.0  # A9 (Light)
82.1 86.2 99.1 60 150 1.0 1.0 1.0 1.0 1.0 1.0 1.0 1.0 2.0 0.0 1.0 1.0 2.0 1.0 1.0 1.0 1.0 1.0 1.0 1.0  # A10 (Medium)
78.7 85.3 92.7 60 150 1.0 1.0 1.0 1.0 1.0 1.0 1.0 1.0 2.0 1.0 0.0 1.0 2.0 1.0 1.0 1.0 1.0 1.0 1.0 1.0  # A11 (Medium)
20.6 25.7 36.7 60 150 1.0 1.0 1.0 1.0 1.0 1.0 1.0 1.0 2.0 1.0 1.0 0.0 2.0 1.0 1.0 1.0 1.0 1.0 1.0 1.0  # A12 (Medium)
103.9 107.5 118.0 30 80 1.0 1.0 1.0 1.0 1.0 1.0 1.0 1.0 1.0 1.0 1.0 1.0 0.0 1.0 1.0 1.0 1.0 1.0 1.0 1.0  # A13 (Light)
92.8 97.1 108.5 60 150 1.0 1.0 1.0 1.0 1.0 1.0 1.0 1.0 2.0 1.0 1.0 1.0 2.0 0.0 1.0 1.0 1.0 1.0 1.0 1.0  # A14 (Medium)
63.7 68.8 76.1 60 150 1.0 1.0 1.0 1.0 1.0 1.0 1.0 1.0 2.0 1.0 1.0 1.0 2.0 1.0 0.0 1.0 1.0 1.0 1.0 1.0  # A15 (Medium)
56.9 62.9 76.1 100 200 2.0 2.0 2.0 2.0 1.5 2.0 1.5 1.5 3.0 2.0 2.0 2.0 3.0 2.0 2.0 0.0 1.5 2.0 2.0 1.5  # A16 (Heavy)
65.9 74.3 87.0 100 200 2.0 2.0 2.0 2.0 1.5 2.0 1.5 1.5 3.0 2.0 2.0 2.0 3.0 2.0 2.0 1.5 0.0 2.0 2.0 1.5  # A17 (Heavy)
98.8 101.6 115.0 60 150 1.0 1.0 1.0 1.0 1.0 1.0 1.0 1.0 2.0 1.0 1.0 1.0 2.0 1.0 1.0 1.0 1.0 0.0 1.0 1.0  # A18 (Medium)
57.6 63.8 72.4 60 150 1.0 1.0 1.0 1.0 1.0 1.0 1.0 1.0 2.0 1.0 1.0 1.0 2.0 1.0 1.0 1.0 1.0 1.0 0.0 1.0  # A19 (Medium)
73.2 78.4 90.3 100 200 2.0 2.0 2.0 2.0 1.5 2.0 1.5 1.5 3.0 2.0 2.0 2.0 3.0 2.0 2.0 1.5 1.5 2.0 2.0 0.0  # A20 (Heavy)
