# Schiphol Airport Landing Scenario - sensitivity_a30_r2
# Realistic evening rush hour (18:00-20:00)
# 30 aircraft, 2 runway(s)
# Aircraft mix: 9 Heavy, 18 Medium, 3 Light
# Time unit: MINUTES from 18:00 (base time)
# Costs: EUR per MINUTE early/late
# Separation: Based on ICAO wake turbulence categories
#
# Format: num_aircraft freeze_time
# For each aircraft: appearance_time target_time latest_time early_penalty late_penalty sep_1 sep_2 ... sep_n
# Aircraft types (in order): M H M M M H H H L M H H M L M H M M M H M M M H M M M M L M
30 0.0
51.4 57.0 64.0 60 150 0.0 1.0 1.0 1.0 1.0 1.0 1.0 1.0 2.0 1.0 1.0 1.0 1.0 2.0 1.0 1.0 1.0 1.0 1.0 1.0 1.0 1.0 1.0 1.0 1.0 1.0 1.0 1.0 2.0 1.0  # A1 (Medium)
17.3 25.2 37.0 100 200 2.0 0.0 2.0 2.0 2.0 1.5 1.5 1.5 3.0 2.0 1.5 1.5 2.0 3.0 2.0 1.5 2.0 2.0 2.0 1.5 2.0 2.0 2.0 1.5 2.0 2.0 2.0 2.0 3.0 2.0  # A2 (Heavy)
77.4 80.8 93.3 60 150 1.0 1.0 0.0 1.0 1.0 1.0 1.0 1.0 2.0 1.0 1.0 1.0 1.0 2.0 1.0 1.0 1.0 1.0 1.0 1.0 1.0 1.0 1.0 1.0 1.0 1.0 1.0 1.0 2.0 1.0  # A3 (Medium)
11.4 14.7 25.7 60 150 1.0 1.0 1.0 0.0 1.0 1.0 1.0 1.0 2.0 1.0 1.0 1.0 1.0 2.0 1.0 1.0 1.0 1.0 1.0 1.0 1.0 1.0 1.0 1.0 1.0 1.0 1.0 1.0 2.0 1.0  # A4 (Medium)
80.9 85.3 94.8 60 150 1.0 1.0 1.0 1.0 0.0 1.0 1.0 1.0 2.0 1.0 1.0 1.0 1.0 2.0 1.0 1.0 1.0 1.0 1.0 1.0 1.0 1.0 1.0 1.0 1.0 1.0 1.0 1.0 2.0 1.0  # A5 (Medium)
56.5 59.9 76.5 100 200 2.0 1.5 2.0 2.0 2.0 0.0 1.5 1.5 3.0 2.0 1.5 1.5 2.0 3.0 2.0 1.5 2.0 2.0 2.0 1.5 2.0 2.0 2.0 1.5 2.0 2.0 2.0 2.0 3.0 2.0  # A6 (Heavy)
75.8 81.9 95.2 100 200 2.0 1.5 2.0 2.0 2.0 1.5 0.0 1.5 3.0 2.0 1.5 1.5 2.0 3.0 2.0 1.5 2.0 2.0 2.0 1.5 2.0 2.0 2.0 1.5 2.0 2.0 2.0 2.0 3.0 2.0  # A7 (Heavy)
13.0 19.5 29.7 100 200 2.0 1.5 2.0 2.0 2.0 1.5 1.5 0.0 3.0 2.0 1.5 1.5 2.0 3.0 2.0 1.5 2.0 2.0 2.0 1.5 2.0 2.0 2.0 1.5 2.0 2.0 2.0 2.0 3.0 2.0  # A8 (Heavy)
14.7 17.0 25.5 30 80 1.0 1.0 1.0 1.0 1.0 1.0 1.0 1.0 0.0 1.0 1.0 1.0 1.0 1.0 1.0 1.0 1.0 1.0 1.0 1.0 1.0 1.0 1.0 1.0 1.0 1.0 1.0 1.0 1.0 1.0  # A9 (Light)
60.8 66.1 75.0 60 150 1.0 1.0 1.0 1.0 1.0 1.0 1.0 1.0 2.0 0.0 1.0 1.0 1.0 2.0 1.0 1.0 1.0 1.0 1.0 1.0 1.0 1.0 1.0 1.0 1.0 1.0 1.0 1.0 2.0 1.0  # A10 (Medium)
88.3 96.0 108.8 100 200 2.0 1.5 2.0 2.0 2.0 1.5 1.5 1.5 3.0 2.0 0.0 1.5 2.0 3.0 2.0 1.5 2.0 2.0 2.0 1.5 2.0 2.0 2.0 1.5 2.0 2.0 2.0 2.0 3.0 2.0  # A11 (Heavy)
2.1 6.1 22.1 100 200 2.0 1.5 2.0 2.0 2.0 1.5 1.5 1.5 3.0 2.0 1.5 0.0 2.0 3.0 2.0 1.5 2.0 2.0 2.0 1.5 2.0 2.0 2.0 1.5 2.0 2.0 2.0 2.0 3.0 2.0  # A12 (Heavy)
19.0 23.9 31.2 60 150 1.0 1.0 1.0 1.0 1.0 1.0 1.0 1.0 2.0 1.0 1.0 1.0 0.0 2.0 1.0 1.0 1.0 1.0 1.0 1.0 1.0 1.0 1.0 1.0 1.0 1.0 1.0 1.0 2.0 1.0  # A13 (Medium)
74.4 79.5 83.6 30 80 1.0 1.0 1.0 1.0 1.0 1.0 1.0 1.0 1.0 1.0 1.0 1.0 1.0 0.0 1.0 1.0 1.0 1.0 1.0 1.0 1.0 1.0 1.0 1.0 1.0 1.0 1.0 1.0 1.0 1.0  # A14 (Light)
72.9 79.6 87.8 60 150 1.0 1.0 1.0 1.0 1.0 1.0 1.0 1.0 2.0 1.0 1.0 1.0 1.0 2.0 0.0 1.0 1.0 1.0 1.0 1.0 1.0 1.0 1.0 1.0 1.0 1.0 1.0 1.0 2.0 1.0  # A15 (Medium)
73.2 80.5 92.4 100 200 2.0 1.5 2.0 2.0 2.0 1.5 1.5 1.5 3.0 2.0 1.5 1.5 2.0 3.0 2.0 0.0 2.0 2.0 2.0 1.5 2.0 2.0 2.0 1.5 2.0 2.0 2.0 2.0 3.0 2.0  # A16 (Heavy)
68.1 75.6 83.6 60 150 1.0 1.0 1.0 1.0 1.0 1.0 1.0 1.0 2.0 1.0 1.0 1.0 1.0 2.0 1.0 1.0 0.0 1.0 1.0 1.0 1.0 1.0 1.0 1.0 1.0 1.0 1.0 1.0 2.0 1.0  # A17 (Medium)
19.8 24.5 34.4 60 150 1.0 1.0 1.0 1.0 1.0 1.0 1.0 1.0 2.0 1.0 1.0 1.0 1.0 2.0 1.0 1.0 1.0 0.0 1.0 1.0 1.0 1.0 1.0 1.0 1.0 1.0 1.0 1.0 2.0 1.0  # A18 (Medium)
15.8 18.8 31.7 60 150 1.0 1.0 1.0 1.0 1.0 1.0 1.0 1.0 2.0 1.0 1.0 1.0 1.0 2.0 1.0 1.0 1.0 1.0 0.0 1.0 1.0 1.0 1.0 1.0 1.0 1.0 1.0 1.0 2.0 1.0  # A19 (Medium)
68.1 72.0 87.0 100 200 2.0 1.5 2.0 2.0 2.0 1.5 1.5 1.5 3.0 2.0 1.5 1.5 2.0 3.0 2.0 1.5 2.0 2.0 2.0 0.0 2.0 2.0 2.0 1.5 2.0 2.0 2.0 2.0 3.0 2.0  # A20 (Heavy)
31.7 36.5 45.8 60 150 1.0 1.0 1.0 1.0 1.0 1.0 1.0 1.0 2.0 1.0 1.0 1.0 1.0 2.0 1.0 1.0 1.0 1.0 1.0 1.0 0.0 1.0 1.0 1.0 1.0 1.0 1.0 1.0 2.0 1.0  # A21 (Medium)
47.0 52.3 60.9 60 150 1.0 1.0 1.0 1.0 1.0 1.0 1.0 1.0 2.0 1.0 1.0 1.0 1.0 2.0 1.0 1.0 1.0 1.0 1.0 1.0 1.0 0.0 1.0 1.0 1.0 1.0 1.0 1.0 2.0 1.0  # A22 (Medium)
73.3 77.5 88.8 60 150 1.0 1.0 1.0 1.0 1.0 1.0 1.0 1.0 2.0 1.0 1.0 1.0 1.0 2.0 1.0 1.0 1.0 1.0 1.0 1.0 1.0 1.0 0.0 1.0 1.0 1.0 1.0 1.0 2.0 1.0  # A23 (Medium)
81.1 85.7 99.2 100 200 2.0 1.5 2.0 2.0 2.0 1.5 1.5 1.5 3.0 2.0 1.5 1.5 2.0 3.0 2.0 1.5 2.0 2.0 2.0 1.5 2.0 2.0 2.0 0.0 2.0 2.0 2.0 2.0 3.0 2.0  # A24 (Heavy)
63.0 68.2 77.4 60 150 1.0 1.0 1.0 1.0 1.0 1.0 1.0 1.0 2.0 1.0 1.0 1.0 1.0 2.0 1.0 1.0 1.0 1.0 1.0 1.0 1.0 1.0 1.0 1.0 0.0 1.0 1.0 1.0 2.0 1.0  # A25 (Medium)
26.1 31.0 40.9 60 150 1.0 1.0 1.0 1.0 1.0 1.0 1.0 1.0 2.0 1.0 1.0 1.0 1.0 2.0 1.0 1.0 1.0 1.0 1.0 1.0 1.0 1.0 1.0 1.0 1.0 0.0 1.0 1.0 2.0 1.0  # A26 (Medium)
79.1 84.7 93.7 60 150 1.0 1.0 1.0 1.0 1.0 1.0 1.0 1.0 2.0 1.0 1.0 1.0 1.0 2.0 1.0 1.0 1.0 1.0 1.0 1.0 1.0 1.0 1.0 1.0 1.0 1.0 0.0 1.0 2.0 1.0  # A27 (Medium)
72.2 76.6 86.2 60 150 1.0 1.0 1.0 1.0 1.0 1.0 1.0 1.0 2.0 1.0 1.0 1.0 1.0 2.0 1.0 1.0 1.0 1.0 1.0 1.0 1.0 1.0 1.0 1.0 1.0 1.0 1.0 0.0 2.0 1.0  # A28 (Medium)
47.6 50.9 59.5 30 80 1.0 1.0 1.0 1.0 1.0 1.0 1.0 1.0 1.0 1.0 1.0 1.0 1.0 1.0 1.0 1.0 1.0 1.0 1.0 1.0 1.0 1.0 1.0 1.0 1.0 1.0 1.0 1.0 0.0 1.0  # A29 (Light)
56.6 61.3 72.6 60 150 1.0 1.0 1.0 1.0 1.0 1.0 1.0 1.0 2.0 1.0 1.0 1.0 1.0 2.0 1.0 1.0 1.0 1.0 1.0 1.0 1.0 1.0 1.0 1.0 1.0 1.0 1.0 1.0 2.0 0.0  # A30 (Medium)
