# Schiphol Airport Landing Scenario - sensitivity_a50_r2
# Realistic evening rush hour (18:00-20:00)
# 50 aircraft, 2 runway(s)
# Aircraft mix: 15 Heavy, 30 Medium, 5 Light
# Time unit: MINUTES from 18:00 (base time)
# Costs: EUR per MINUTE early/late
# Separation: Based on ICAO wake turbulence categories
#
# Format: num_aircraft freeze_time
# For each aircraft: appearance_time target_time latest_time early_penalty late_penalty sep_1 sep_2 ... sep_n
# Aircraft types (in order): M M M H M M M H H H M M M M M M M M H M M H M M H M M H M L M L M L H L H M H H H M M M M H M M L H
50 0.0
60.2 66.6 75.6 60 150 0.0 1.0 1.0 1.0 1.0 1.0 1.0 1.0 1.0 1.0 1.0 1.0 1.0 1.0 1.0 1.0 1.0 1.0 1.0 1.0 1.0 1.0 1.0 1.0 1.0 1.0 1.0 1.0 1.0 2.0 1.0 2.0 1.0 2.0 1.0 2.0 1.0 1.0 1.0 1.0 1.0 1.0 1.0 1.0 1.0 1.0 1.0 1.0 2.0 1.0  # A1 (Medium)
1.2 5.5 17.0 60 150 1.0 0.0 1.0 1.0 1.0 1.0 1.0 1.0 1.0 1.0 1.0 1.0 1.0 1.0 1.0 1.0 1.0 1.0 1.0 1.0 1.0 1.0 1.0 1.0 1.0 1.0 1.0 1.0 1.0 2.0 1.0 2.0 1.0 2.0 1.0 2.0 1.0 1.0 1.0 1.0 1.0 1.0 1.0 1.0 1.0 1.0 1.0 1.0 2.0 1.0  # A2 (Medium)
56.0 63.0 70.8 60 150 1.0 1.0 0.0 1.0 1.0 1.0 1.0 1.0 1.0 1.0 1.0 1.0 1.0 1.0 1.0 1.0 1.0 1.0 1.0 1.0 1.0 1.0 1.0 1.0 1.0 1.0 1.0 1.0 1.0 2.0 1.0 2.0 1.0 2.0 1.0 2.0 1.0 1.0 1.0 1.0 1.0 1.0 1.0 1.0 1.0 1.0 1.0 1.0 2.0 1.0  # A3 (Medium)
64.5 69.0 80.1 100 200 2.0 2.0 2.0 0.0 2.0 2.0 2.0 1.5 1.5 1.5 2.0 2.0 2.0 2.0 2.0 2.0 2.0 2.0 1.5 2.0 2.0 1.5 2.0 2.0 1.5 2.0 2.0 1.5 2.0 3.0 2.0 3.0 2.0 3.0 1.5 3.0 1.5 2.0 1.5 1.5 1.5 2.0 2.0 2.0 2.0 1.5 2.0 2.0 3.0 1.5  # A4 (Heavy)
65.4 71.1 81.5 60 150 1.0 1.0 1.0 1.0 0.0 1.0 1.0 1.0 1.0 1.0 1.0 1.0 1.0 1.0 1.0 1.0 1.0 1.0 1.0 1.0 1.0 1.0 1.0 1.0 1.0 1.0 1.0 1.0 1.0 2.0 1.0 2.0 1.0 2.0 1.0 2.0 1.0 1.0 1.0 1.0 1.0 1.0 1.0 1.0 1.0 1.0 1.0 1.0 2.0 1.0  # A5 (Medium)
55.7 59.9 71.4 60 150 1.0 1.0 1.0 1.0 1.0 0.0 1.0 1.0 1.0 1.0 1.0 1.0 1.0 1.0 1.0 1.0 1.0 1.0 1.0 1.0 1.0 1.0 1.0 1.0 1.0 1.0 1.0 1.0 1.0 2.0 1.0 2.0 1.0 2.0 1.0 2.0 1.0 1.0 1.0 1.0 1.0 1.0 1.0 1.0 1.0 1.0 1.0 1.0 2.0 1.0  # A6 (Medium)
30.9 35.5 47.9 60 150 1.0 1.0 1.0 1.0 1.0 1.0 0.0 1.0 1.0 1.0 1.0 1.0 1.0 1.0 1.0 1.0 1.0 1.0 1.0 1.0 1.0 1.0 1.0 1.0 1.0 1.0 1.0 1.0 1.0 2.0 1.0 2.0 1.0 2.0 1.0 2.0 1.0 1.0 1.0 1.0 1.0 1.0 1.0 1.0 1.0 1.0 1.0 1.0 2.0 1.0  # A7 (Medium)
80.4 85.0 99.2 100 200 2.0 2.0 2.0 1.5 2.0 2.0 2.0 0.0 1.5 1.5 2.0 2.0 2.0 2.0 2.0 2.0 2.0 2.0 1.5 2.0 2.0 1.5 2.0 2.0 1.5 2.0 2.0 1.5 2.0 3.0 2.0 3.0 2.0 3.0 1.5 3.0 1.5 2.0 1.5 1.5 1.5 2.0 2.0 2.0 2.0 1.5 2.0 2.0 3.0 1.5  # A8 (Heavy)
59.5 67.1 78.5 100 200 2.0 2.0 2.0 1.5 2.0 2.0 2.0 1.5 0.0 1.5 2.0 2.0 2.0 2.0 2.0 2.0 2.0 2.0 1.5 2.0 2.0 1.5 2.0 2.0 1.5 2.0 2.0 1.5 2.0 3.0 2.0 3.0 2.0 3.0 1.5 3.0 1.5 2.0 1.5 1.5 1.5 2.0 2.0 2.0 2.0 1.5 2.0 2.0 3.0 1.5  # A9 (Heavy)
70.1 76.9 89.8 100 200 2.0 2.0 2.0 1.5 2.0 2.0 2.0 1.5 1.5 0.0 2.0 2.0 2.0 2.0 2.0 2.0 2.0 2.0 1.5 2.0 2.0 1.5 2.0 2.0 1.5 2.0 2.0 1.5 2.0 3.0 2.0 3.0 2.0 3.0 1.5 3.0 1.5 2.0 1.5 1.5 1.5 2.0 2.0 2.0 2.0 1.5 2.0 2.0 3.0 1.5  # A10 (Heavy)
71.6 77.1 85.1 60 150 1.0 1.0 1.0 1.0 1.0 1.0 1.0 1.0 1.0 1.0 0.0 1.0 1.0 1.0 1.0 1.0 1.0 1.0 1.0 1.0 1.0 1.0 1.0 1.0 1.0 1.0 1.0 1.0 1.0 2.0 1.0 2.0 1.0 2.0 1.0 2.0 1.0 1.0 1.0 1.0 1.0 1.0 1.0 1.0 1.0 1.0 1.0 1.0 2.0 1.0  # A11 (Medium)
33.8 40.7 48.2 60 150 1.0 1.0 1.0 1.0 1.0 1.0 1.0 1.0 1.0 1.0 1.0 0.0 1.0 1.0 1.0 1.0 1.0 1.0 1.0 1.0 1.0 1.0 1.0 1.0 1.0 1.0 1.0 1.0 1.0 2.0 1.0 2.0 1.0 2.0 1.0 2.0 1.0 1.0 1.0 1.0 1.0 1.0 1.0 1.0 1.0 1.0 1.0 1.0 2.0 1.0  # A12 (Medium)
63.6 69.5 78.7 60 150 1.0 1.0 1.0 1.0 1.0 1.0 1.0 1.0 1.0 1.0 1.0 1.0 0.0 1.0 1.0 1.0 1.0 1.0 1.0 1.0 1.0 1.0 1.0 1.0 1.0 1.0 1.0 1.0 1.0 2.0 1.0 2.0 1.0 2.0 1.0 2.0 1.0 1.0 1.0 1.0 1.0 1.0 1.0 1.0 1.0 1.0 1.0 1.0 2.0 1.0  # A13 (Medium)
57.0 60.2 72.5 60 150 1.0 1.0 1.0 1.0 1.0 1.0 1.0 1.0 1.0 1.0 1.0 1.0 1.0 0.0 1.0 1.0 1.0 1.0 1.0 1.0 1.0 1.0 1.0 1.0 1.0 1.0 1.0 1.0 1.0 2.0 1.0 2.0 1.0 2.0 1.0 2.0 1.0 1.0 1.0 1.0 1.0 1.0 1.0 1.0 1.0 1.0 1.0 1.0 2.0 1.0  # A14 (Medium)
75.7 80.6 90.6 60 150 1.0 1.0 1.0 1.0 1.0 1.0 1.0 1.0 1.0 1.0 1.0 1.0 1.0 1.0 0.0 1.0 1.0 1.0 1.0 1.0 1.0 1.0 1.0 1.0 1.0 1.0 1.0 1.0 1.0 2.0 1.0 2.0 1.0 2.0 1.0 2.0 1.0 1.0 1.0 1.0 1.0 1.0 1.0 1.0 1.0 1.0 1.0 1.0 2.0 1.0  # A15 (Medium)
27.6 30.3 42.4 60 150 1.0 1.0 1.0 1.0 1.0 1.0 1.0 1.0 1.0 1.0 1.0 1.0 1.0 1.0 1.0 0.0 1.0 1.0 1.0 1.0 1.0 1.0 1.0 1.0 1.0 1.0 1.0 1.0 1.0 2.0 1.0 2.0 1.0 2.0 1.0 2.0 1.0 1.0 1.0 1.0 1.0 1.0 1.0 1.0 1.0 1.0 1.0 1.0 2.0 1.0  # A16 (Medium)
77.0 80.4 92.4 60 150 1.0 1.0 1.0 1.0 1.0 1.0 1.0 1.0 1.0 1.0 1.0 1.0 1.0 1.0 1.0 1.0 0.0 1.0 1.0 1.0 1.0 1.0 1.0 1.0 1.0 1.0 1.0 1.0 1.0 2.0 1.0 2.0 1.0 2.0 1.0 2.0 1.0 1.0 1.0 1.0 1.0 1.0 1.0 1.0 1.0 1.0 1.0 1.0 2.0 1.0  # A17 (Medium)
0.0 1.0 14.5 60 150 1.0 1.0 1.0 1.0 1.0 1.0 1.0 1.0 1.0 1.0 1.0 1.0 1.0 1.0 1.0 1.0 1.0 0.0 1.0 1.0 1.0 1.0 1.0 1.0 1.0 1.0 1.0 1.0 1.0 2.0 1.0 2.0 1.0 2.0 1.0 2.0 1.0 1.0 1.0 1.0 1.0 1.0 1.0 1.0 1.0 1.0 1.0 1.0 2.0 1.0  # A18 (Medium)
0.6 9.8 19.7 100 200 2.0 2.0 2.0 1.5 2.0 2.0 2.0 1.5 1.5 1.5 2.0 2.0 2.0 2.0 2.0 2.0 2.0 2.0 0.0 2.0 2.0 1.5 2.0 2.0 1.5 2.0 2.0 1.5 2.0 3.0 2.0 3.0 2.0 3.0 1.5 3.0 1.5 2.0 1.5 1.5 1.5 2.0 2.0 2.0 2.0 1.5 2.0 2.0 3.0 1.5  # A19 (Heavy)
54.2 58.5 71.2 60 150 1.0 1.0 1.0 1.0 1.0 1.0 1.0 1.0 1.0 1.0 1.0 1.0 1.0 1.0 1.0 1.0 1.0 1.0 1.0 0.0 1.0 1.0 1.0 1.0 1.0 1.0 1.0 1.0 1.0 2.0 1.0 2.0 1.0 2.0 1.0 2.0 1.0 1.0 1.0 1.0 1.0 1.0 1.0 1.0 1.0 1.0 1.0 1.0 2.0 1.0  # A20 (Medium)
82.0 87.3 96.8 60 150 1.0 1.0 1.0 1.0 1.0 1.0 1.0 1.0 1.0 1.0 1.0 1.0 1.0 1.0 1.0 1.0 1.0 1.0 1.0 1.0 0.0 1.0 1.0 1.0 1.0 1.0 1.0 1.0 1.0 2.0 1.0 2.0 1.0 2.0 1.0 2.0 1.0 1.0 1.0 1.0 1.0 1.0 1.0 1.0 1.0 1.0 1.0 1.0 2.0 1.0  # A21 (Medium)
55.9 63.0 72.0 100 200 2.0 2.0 2.0 1.5 2.0 2.0 2.0 1.5 1.5 1.5 2.0 2.0 2.0 2.0 2.0 2.0 2.0 2.0 1.5 2.0 2.0 0.0 2.0 2.0 1.5 2.0 2.0 1.5 2.0 3.0 2.0 3.0 2.0 3.0 1.5 3.0 1.5 2.0 1.5 1.5 1.5 2.0 2.0 2.0 2.0 1.5 2.0 2.0 3.0 1.5  # A22 (Heavy)
33.6 37.6 48.1 60 150 1.0 1.0 1.0 1.0 1.0 1.0 1.0 1.0 1.0 1.0 1.0 1.0 1.0 1.0 1.0 1.0 1.0 1.0 1.0 1.0 1.0 1.0 0.0 1.0 1.0 1.0 1.0 1.0 1.0 2.0 1.0 2.0 1.0 2.0 1.0 2.0 1.0 1.0 1.0 1.0 1.0 1.0 1.0 1.0 1.0 1.0 1.0 1.0 2.0 1.0  # A23 (Medium)
17.9 22.9 32.7 60 150 1.0 1.0 1.0 1.0 1.0 1.0 1.0 1.0 1.0 1.0 1.0 1.0 1.0 1.0 1.0 1.0 1.0 1.0 1.0 1.0 1.0 1.0 1.0 0.0 1.0 1.0 1.0 1.0 1.0 2.0 1.0 2.0 1.0 2.0 1.0 2.0 1.0 1.0 1.0 1.0 1.0 1.0 1.0 1.0 1.0 1.0 1.0 1.0 2.0 1.0  # A24 (Medium)
23.0 29.7 43.4 100 200 2.0 2.0 2.0 1.5 2.0 2.0 2.0 1.5 1.5 1.5 2.0 2.0 2.0 2.0 2.0 2.0 2.0 2.0 1.5 2.0 2.0 1.5 2.0 2.0 0.0 2.0 2.0 1.5 2.0 3.0 2.0 3.0 2.0 3.0 1.5 3.0 1.5 2.0 1.5 1.5 1.5 2.0 2.0 2.0 2.0 1.5 2.0 2.0 3.0 1.5  # A25 (Heavy)
63.4 70.7 79.0 60 150 1.0 1.0 1.0 1.0 1.0 1.0 1.0 1.0 1.0 1.0 1.0 1.0 1.0 1.0 1.0 1.0 1.0 1.0 1.0 1.0 1.0 1.0 1.0 1.0 1.0 0.0 1.0 1.0 1.0 2.0 1.0 2.0 1.0 2.0 1.0 2.0 1.0 1.0 1.0 1.0 1.0 1.0 1.0 1.0 1.0 1.0 1.0 1.0 2.0 1.0  # A26 (Medium)
74.5 79.8 89.1 60 150 1.0 1.0 1.0 1.0 1.0 1.0 1.0 1.0 1.0 1.0 1.0 1.0 1.0 1.0 1.0 1.0 1.0 1.0 1.0 1.0 1.0 1.0 1.0 1.0 1.0 1.0 0.0 1.0 1.0 2.0 1.0 2.0 1.0 2.0 1.0 2.0 1.0 1.0 1.0 1.0 1.0 1.0 1.0 1.0 1.0 1.0 1.0 1.0 2.0 1.0  # A27 (Medium)
71.9 77.8 89.8 100 200 2.0 2.0 2.0 1.5 2.0 2.0 2.0 1.5 1.5 1.5 2.0 2.0 2.0 2.0 2.0 2.0 2.0 2.0 1.5 2.0 2.0 1.5 2.0 2.0 1.5 2.0 2.0 0.0 2.0 3.0 2.0 3.0 2.0 3.0 1.5 3.0 1.5 2.0 1.5 1.5 1.5 2.0 2.0 2.0 2.0 1.5 2.0 2.0 3.0 1.5  # A28 (Heavy)
64.1 70.5 80.0 60 150 1.0 1.0 1.0 1.0 1.0 1.0 1.0 1.0 1.0 1.0 1.0 1.0 1.0 1.0 1.0 1.0 1.0 1.0 1.0 1.0 1.0 1.0 1.0 1.0 1.0 1.0 1.0 1.0 0.0 2.0 1.0 2.0 1.0 2.0 1.0 2.0 1.0 1.0 1.0 1.0 1.0 1.0 1.0 1.0 1.0 1.0 1.0 1.0 2.0 1.0  # A29 (Medium)
24.5 26.0 36.3 30 80 1.0 1.0 1.0 1.0 1.0 1.0 1.0 1.0 1.0 1.0 1.0 1.0 1.0 1.0 1.0 1.0 1.0 1.0 1.0 1.0 1.0 1.0 1.0 1.0 1.0 1.0 1.0 1.0 1.0 0.0 1.0 1.0 1.0 1.0 1.0 1.0 1.0 1.0 1.0 1.0 1.0 1.0 1.0 1.0 1.0 1.0 1.0 1.0 1.0 1.0  # A30 (Light)
4.1 10.5 18.0 60 150 1.0 1.0 1.0 1.0 1.0 1.0 1.0 1.0 1.0 1.0 1.0 1.0 1.0 1.0 1.0 1.0 1.0 1.0 1.0 1.0 1.0 1.0 1.0 1.0 1.0 1.0 1.0 1.0 1.0 2.0 0.0 2.0 1.0 2.0 1.0 2.0 1.0 1.0 1.0 1.0 1.0 1.0 1.0 1.0 1.0 1.0 1.0 1.0 2.0 1.0  # A31 (Medium)
61.8 67.0 74.5 30 80 1.0 1.0 1.0 1.0 1.0 1.0 1.0 1.0 1.0 1.0 1.0 1.0 1.0 1.0 1.0 1.0 1.0 1.0 1.0 1.0 1.0 1.0 1.0 1.0 1.0 1.0 1.0 1.0 1.0 1.0 1.0 0.0 1.0 1.0 1.0 1.0 1.0 1.0 1.0 1.0 1.0 1.0 1.0 1.0 1.0 1.0 1.0 1.0 1.0 1.0  # A32 (Light)
56.6 60.8 70.8 60 150 1.0 1.0 1.0 1.0 1.0 1.0 1.0 1.0 1.0 1.0 1.0 1.0 1.0 1.0 1.0 1.0 1.0 1.0 1.0 1.0 1.0 1.0 1.0 1.0 1.0 1.0 1.0 1.0 1.0 2.0 1.0 2.0 0.0 2.0 1.0 2.0 1.0 1.0 1.0 1.0 1.0 1.0 1.0 1.0 1.0 1.0 1.0 1.0 2.0 1.0  # A33 (Medium)
115.0 120.5 127.5 30 80 1.0 1.0 1.0 1.0 1.0 1.0 1.0 1.0 1.0 1.0 1.0 1.0 1.0 1.0 1.0 1.0 1.0 1.0 1.0 1.0 1.0 1.0 1.0 1.0 1.0 1.0 1.0 1.0 1.0 1.0 1.0 1.0 1.0 0.0 1.0 1.0 1.0 1.0 1.0 1.0 1.0 1.0 1.0 1.0 1.0 1.0 1.0 1.0 1.0 1.0  # A34 (Light)
80.2 87.4 102.3 100 200 2.0 2.0 2.0 1.5 2.0 2.0 2.0 1.5 1.5 1.5 2.0 2.0 2.0 2.0 2.0 2.0 2.0 2.0 1.5 2.0 2.0 1.5 2.0 2.0 1.5 2.0 2.0 1.5 2.0 3.0 2.0 3.0 2.0 3.0 0.0 3.0 1.5 2.0 1.5 1.5 1.5 2.0 2.0 2.0 2.0 1.5 2.0 2.0 3.0 1.5  # A35 (Heavy)
15.5 17.8 29.1 30 80 1.0 1.0 1.0 1.0 1.0 1.0 1.0 1.0 1.0 1.0 1.0 1.0 1.0 1.0 1.0 1.0 1.0 1.0 1.0 1.0 1.0 1.0 1.0 1.0 1.0 1.0 1.0 1.0 1.0 1.0 1.0 1.0 1.0 1.0 1.0 0.0 1.0 1.0 1.0 1.0 1.0 1.0 1.0 1.0 1.0 1.0 1.0 1.0 1.0 1.0  # A36 (Light)
66.3 70.8 86.8 100 200 2.0 2.0 2.0 1.5 2.0 2.0 2.0 1.5 1.5 1.5 2.0 2.0 2.0 2.0 2.0 2.0 2.0 2.0 1.5 2.0 2.0 1.5 2.0 2.0 1.5 2.0 2.0 1.5 2.0 3.0 2.0 3.0 2.0 3.0 1.5 3.0 0.0 2.0 1.5 1.5 1.5 2.0 2.0 2.0 2.0 1.5 2.0 2.0 3.0 1.5  # A37 (Heavy)
16.3 22.2 31.2 60 150 1.0 1.0 1.0 1.0 1.0 1.0 1.0 1.0 1.0 1.0 1.0 1.0 1.0 1.0 1.0 1.0 1.0 1.0 1.0 1.0 1.0 1.0 1.0 1.0 1.0 1.0 1.0 1.0 1.0 2.0 1.0 2.0 1.0 2.0 1.0 2.0 1.0 0.0 1.0 1.0 1.0 1.0 1.0 1.0 1.0 1.0 1.0 1.0 2.0 1.0  # A38 (Medium)
7.8 15.6 30.3 100 200 2.0 2.0 2.0 1.5 2.0 2.0 2.0 1.5 1.5 1.5 2.0 2.0 2.0 2.0 2.0 2.0 2.0 2.0 1.5 2.0 2.0 1.5 2.0 2.0 1.5 2.0 2.0 1.5 2.0 3.0 2.0 3.0 2.0 3.0 1.5 3.0 1.5 2.0 0.0 1.5 1.5 2.0 2.0 2.0 2.0 1.5 2.0 2.0 3.0 1.5  # A39 (Heavy)
64.7 72.8 81.8 100 200 2.0 2.0 2.0 1.5 2.0 2.0 2.0 1.5 1.5 1.5 2.0 2.0 2.0 2.0 2.0 2.0 2.0 2.0 1.5 2.0 2.0 1.5 2.0 2.0 1.5 2.0 2.0 1.5 2.0 3.0 2.0 3.0 2.0 3.0 1.5 3.0 1.5 2.0 1.5 0.0 1.5 2.0 2.0 2.0 2.0 1.5 2.0 2.0 3.0 1.5  # A40 (Heavy)
57.2 64.3 74.8 100 200 2.0 2.0 2.0 1.5 2.0 2.0 2.0 1.5 1.5 1.5 2.0 2.0 2.0 2.0 2.0 2.0 2.0 2.0 1.5 2.0 2.0 1.5 2.0 2.0 1.5 2.0 2.0 1.5 2.0 3.0 2.0 3.0 2.0 3.0 1.5 3.0 1.5 2.0 1.5 1.5 0.0 2.0 2.0 2.0 2.0 1.5 2.0 2.0 3.0 1.5  # A41 (Heavy)
62.4 68.9 76.9 60 150 1.0 1.0 1.0 1.0 1.0 1.0 1.0 1.0 1.0 1.0 1.0 1.0 1.0 1.0 1.0 1.0 1.0 1.0 1.0 1.0 1.0 1.0 1.0 1.0 1.0 1.0 1.0 1.0 1.0 2.0 1.0 2.0 1.0 2.0 1.0 2.0 1.0 1.0 1.0 1.0 1.0 0.0 1.0 1.0 1.0 1.0 1.0 1.0 2.0 1.0  # A42 (Medium)
53.0 57.2 67.0 60 150 1.0 1.0 1.0 1.0 1.0 1.0 1.0 1.0 1.0 1.0 1.0 1.0 1.0 1.0 1.0 1.0 1.0 1.0 1.0 1.0 1.0 1.0 1.0 1.0 1.0 1.0 1.0 1.0 1.0 2.0 1.0 2.0 1.0 2.0 1.0 2.0 1.0 1.0 1.0 1.0 1.0 1.0 0.0 1.0 1.0 1.0 1.0 1.0 2.0 1.0  # A43 (Medium)
76.0 81.9 90.8 60 150 1.0 1.0 1.0 1.0 1.0 1.0 1.0 1.0 1.0 1.0 1.0 1.0 1.0 1.0 1.0 1.0 1.0 1.0 1.0 1.0 1.0 1.0 1.0 1.0 1.0 1.0 1.0 1.0 1.0 2.0 1.0 2.0 1.0 2.0 1.0 2.0 1.0 1.0 1.0 1.0 1.0 1.0 1.0 0.0 1.0 1.0 1.0 1.0 2.0 1.0  # A44 (Medium)
90.6 96.2 104.3 60 150 1.0 1.0 1.0 1.0 1.0 1.0 1.0 1.0 1.0 1.0 1.0 1.0 1.0 1.0 1.0 1.0 1.0 1.0 1.0 1.0 1.0 1.0 1.0 1.0 1.0 1.0 1.0 1.0 1.0 2.0 1.0 2.0 1.0 2.0 1.0 2.0 1.0 1.0 1.0 1.0 1.0 1.0 1.0 1.0 0.0 1.0 1.0 1.0 2.0 1.0  # A45 (Medium)
69.9 78.9 91.5 100 200 2.0 2.0 2.0 1.5 2.0 2.0 2.0 1.5 1.5 1.5 2.0 2.0 2.0 2.0 2.0 2.0 2.0 2.0 1.5 2.0 2.0 1.5 2.0 2.0 1.5 2.0 2.0 1.5 2.0 3.0 2.0 3.0 2.0 3.0 1.5 3.0 1.5 2.0 1.5 1.5 1.5 2.0 2.0 2.0 2.0 0.0 2.0 2.0 3.0 1.5  # A46 (Heavy)
75.4 78.8 89.5 60 150 1.0 1.0 1.0 1.0 1.0 1.0 1.0 1.0 1.0 1.0 1.0 1.0 1.0 1.0 1.0 1.0 1.0 1.0 1.0 1.0 1.0 1.0 1.0 1.0 1.0 1.0 1.0 1.0 1.0 2.0 1.0 2.0 1.0 2.0 1.0 2.0 1.0 1.0 1.0 1.0 1.0 1.0 1.0 1.0 1.0 1.0 0.0 1.0 2.0 1.0  # A47 (Medium)
58.4 62.7 72.5 60 150 1.0 1.0 1.0 1.0 1.0 1.0 1.0 1.0 1.0 1.0 1.0 1.0 1.0 1.0 1.0 1.0 1.0 1.0 1.0 1.0 1.0 1.0 1.0 1.0 1.0 1.0 1.0 1.0 1.0 2.0 1.0 2.0 1.0 2.0 1.0 2.0 1.0 1.0 1.0 1.0 1.0 1.0 1.0 1.0 1.0 1.0 1.0 0.0 2.0 1.0  # A48 (Medium)
64.4 69.8 77.3 30 80 1.0 1.0 1.0 1.0 1.0 1.0 1.0 1.0 1.0 1.0 1.0 1.0 1.0 1.0 1.0 1.0 1.0 1.0 1.0 1.0 1.0 1.0 1.0 1.0 1.0 1.0 1.0 1.0 1.0 1.0 1.0 1.0 1.0 1.0 1.0 1.0 1.0 1.0 1.0 1.0 1.0 1.0 1.0 1.0 1.0 1.0 1.0 1.0 0.0 1.0  # A49 (Light)
81.1 88.6 102.8 100 200 2.0 2.0 2.0 1.5 2.0 2.0 2.0 1.5 1.5 1.5 2.0 2.0 2.0 2.0 2.0 2.0 2.0 2.0 1.5 2.0 2.0 1.5 2.0 2.0 1.5 2.0 2.0 1.5 2.0 3.0 2.0 3.0 2.0 3.0 1.5 3.0 1.5 2.0 1.5 1.5 1.5 2.0 2.0 2.0 2.0 1.5 2.0 2.0 3.0 0.0  # A50 (Heavy)
