# Schiphol Airport Landing Scenario - sensitivity_a30_r4
# Realistic evening rush hour (18:00-20:00)
# 30 aircraft, 4 runway(s)
# Aircraft mix: 9 Heavy, 18 Medium, 3 Light
# Time unit: MINUTES from 18:00 (base time)
# Costs: EUR per MINUTE early/late
# Separation: Based on ICAO wake turbulence categories
#
# Format: num_aircraft freeze_time
# For each aircraft: appearance_time target_time latest_time early_penalty late_penalty sep_1 sep_2 ... sep_n
# Aircraft types (in order): L L M M M M M H M H M M M M M H M M H M M M H M L H H M H H
30 0.0
80.4 85.3 91.1 30 80 0.0 1.0 1.0 1.0 1.0 1.0 1.0 1.0 1.0 1.0 1.0 1.0 1.0 1.0 1.0 1.0 1.0 1.0 1.0 1.0 1.0 1.0 1.0 1.0 1.0 1.0 1.0 1.0 1.0 1.0  # A1 (Light)
11.7 16.4 24.8 30 80 1.0 0.0 1.0 1.0 1.0 1.0 1.0 1.0 1.0 1.0 1.0 1.0 1.0 1.0 1.0 1.0 1.0 1.0 1.0 1.0 1.0 1.0 1.0 1.0 1.0 1.0 1.0 1.0 1.0 1.0  # A2 (Light)
62.5 67.1 78.3 60 150 2.0 2.0 0.0 1.0 1.0 1.0 1.0 1.0 1.0 1.0 1.0 1.0 1.0 1.0 1.0 1.0 1.0 1.0 1.0 1.0 1.0 1.0 1.0 1.0 2.0 1.0 1.0 1.0 1.0 1.0  # A3 (Medium)
36.2 42.1 52.7 60 150 2.0 2.0 1.0 0.0 1.0 1.0 1.0 1.0 1.0 1.0 1.0 1.0 1.0 1.0 1.0 1.0 1.0 1.0 1.0 1.0 1.0 1.0 1.0 1.0 2.0 1.0 1.0 1.0 1.0 1.0  # A4 (Medium)
8.1 12.5 22.3 60 150 2.0 2.0 1.0 1.0 0.0 1.0 1.0 1.0 1.0 1.0 1.0 1.0 1.0 1.0 1.0 1.0 1.0 1.0 1.0 1.0 1.0 1.0 1.0 1.0 2.0 1.0 1.0 1.0 1.0 1.0  # A5 (Medium)
78.5 85.9 96.1 60 150 2.0 2.0 1.0 1.0 1.0 0.0 1.0 1.0 1.0 1.0 1.0 1.0 1.0 1.0 1.0 1.0 1.0 1.0 1.0 1.0 1.0 1.0 1.0 1.0 2.0 1.0 1.0 1.0 1.0 1.0  # A6 (Medium)
71.5 74.8 87.0 60 150 2.0 2.0 1.0 1.0 1.0 1.0 0.0 1.0 1.0 1.0 1.0 1.0 1.0 1.0 1.0 1.0 1.0 1.0 1.0 1.0 1.0 1.0 1.0 1.0 2.0 1.0 1.0 1.0 1.0 1.0  # A7 (Medium)
30.2 35.1 50.8 100 200 3.0 3.0 2.0 2.0 2.0 2.0 2.0 0.0 2.0 1.5 2.0 2.0 2.0 2.0 2.0 1.5 2.0 2.0 1.5 2.0 2.0 2.0 1.5 2.0 3.0 1.5 1.5 2.0 1.5 1.5  # A8 (Heavy)
77.6 81.8 93.2 60 150 2.0 2.0 1.0 1.0 1.0 1.0 1.0 1.0 0.0 1.0 1.0 1.0 1.0 1.0 1.0 1.0 1.0 1.0 1.0 1.0 1.0 1.0 1.0 1.0 2.0 1.0 1.0 1.0 1.0 1.0  # A9 (Medium)
51.7 58.8 74.0 100 200 3.0 3.0 2.0 2.0 2.0 2.0 2.0 1.5 2.0 0.0 2.0 2.0 2.0 2.0 2.0 1.5 2.0 2.0 1.5 2.0 2.0 2.0 1.5 2.0 3.0 1.5 1.5 2.0 1.5 1.5  # A10 (Heavy)
62.5 65.0 78.6 60 150 2.0 2.0 1.0 1.0 1.0 1.0 1.0 1.0 1.0 1.0 0.0 1.0 1.0 1.0 1.0 1.0 1.0 1.0 1.0 1.0 1.0 1.0 1.0 1.0 2.0 1.0 1.0 1.0 1.0 1.0  # A11 (Medium)
91.7 97.2 107.5 60 150 2.0 2.0 1.0 1.0 1.0 1.0 1.0 1.0 1.0 1.0 1.0 0.0 1.0 1.0 1.0 1.0 1.0 1.0 1.0 1.0 1.0 1.0 1.0 1.0 2.0 1.0 1.0 1.0 1.0 1.0  # A12 (Medium)
72.9 78.1 90.0 60 150 2.0 2.0 1.0 1.0 1.0 1.0 1.0 1.0 1.0 1.0 1.0 1.0 0.0 1.0 1.0 1.0 1.0 1.0 1.0 1.0 1.0 1.0 1.0 1.0 2.0 1.0 1.0 1.0 1.0 1.0  # A13 (Medium)
64.4 68.9 78.5 60 150 2.0 2.0 1.0 1.0 1.0 1.0 1.0 1.0 1.0 1.0 1.0 1.0 1.0 0.0 1.0 1.0 1.0 1.0 1.0 1.0 1.0 1.0 1.0 1.0 2.0 1.0 1.0 1.0 1.0 1.0  # A14 (Medium)
0.0 4.2 13.6 60 150 2.0 2.0 1.0 1.0 1.0 1.0 1.0 1.0 1.0 1.0 1.0 1.0 1.0 1.0 0.0 1.0 1.0 1.0 1.0 1.0 1.0 1.0 1.0 1.0 2.0 1.0 1.0 1.0 1.0 1.0  # A15 (Medium)
52.6 59.1 71.7 100 200 3.0 3.0 2.0 2.0 2.0 2.0 2.0 1.5 2.0 1.5 2.0 2.0 2.0 2.0 2.0 0.0 2.0 2.0 1.5 2.0 2.0 2.0 1.5 2.0 3.0 1.5 1.5 2.0 1.5 1.5  # A16 (Heavy)
3.6 6.4 18.8 60 150 2.0 2.0 1.0 1.0 1.0 1.0 1.0 1.0 1.0 1.0 1.0 1.0 1.0 1.0 1.0 1.0 0.0 1.0 1.0 1.0 1.0 1.0 1.0 1.0 2.0 1.0 1.0 1.0 1.0 1.0  # A17 (Medium)
95.0 99.1 111.2 60 150 2.0 2.0 1.0 1.0 1.0 1.0 1.0 1.0 1.0 1.0 1.0 1.0 1.0 1.0 1.0 1.0 1.0 0.0 1.0 1.0 1.0 1.0 1.0 1.0 2.0 1.0 1.0 1.0 1.0 1.0  # A18 (Medium)
63.4 67.5 84.2 100 200 3.0 3.0 2.0 2.0 2.0 2.0 2.0 1.5 2.0 1.5 2.0 2.0 2.0 2.0 2.0 1.5 2.0 2.0 0.0 2.0 2.0 2.0 1.5 2.0 3.0 1.5 1.5 2.0 1.5 1.5  # A19 (Heavy)
57.8 62.7 75.2 60 150 2.0 2.0 1.0 1.0 1.0 1.0 1.0 1.0 1.0 1.0 1.0 1.0 1.0 1.0 1.0 1.0 1.0 1.0 1.0 0.0 1.0 1.0 1.0 1.0 2.0 1.0 1.0 1.0 1.0 1.0  # A20 (Medium)
67.2 72.6 81.0 60 150 2.0 2.0 1.0 1.0 1.0 1.0 1.0 1.0 1.0 1.0 1.0 1.0 1.0 1.0 1.0 1.0 1.0 1.0 1.0 1.0 0.0 1.0 1.0 1.0 2.0 1.0 1.0 1.0 1.0 1.0  # A21 (Medium)
61.7 65.9 76.0 60 150 2.0 2.0 1.0 1.0 1.0 1.0 1.0 1.0 1.0 1.0 1.0 1.0 1.0 1.0 1.0 1.0 1.0 1.0 1.0 1.0 1.0 0.0 1.0 1.0 2.0 1.0 1.0 1.0 1.0 1.0  # A22 (Medium)
72.7 78.5 93.3 100 200 3.0 3.0 2.0 2.0 2.0 2.0 2.0 1.5 2.0 1.5 2.0 2.0 2.0 2.0 2.0 1.5 2.0 2.0 1.5 2.0 2.0 2.0 0.0 2.0 3.0 1.5 1.5 2.0 1.5 1.5  # A23 (Heavy)
6.5 12.4 21.3 60 150 2.0 2.0 1.0 1.0 1.0 1.0 1.0 1.0 1.0 1.0 1.0 1.0 1.0 1.0 1.0 1.0 1.0 1.0 1.0 1.0 1.0 1.0 1.0 0.0 2.0 1.0 1.0 1.0 1.0 1.0  # A24 (Medium)
67.0 70.4 77.3 30 80 1.0 1.0 1.0 1.0 1.0 1.0 1.0 1.0 1.0 1.0 1.0 1.0 1.0 1.0 1.0 1.0 1.0 1.0 1.0 1.0 1.0 1.0 1.0 1.0 0.0 1.0 1.0 1.0 1.0 1.0  # A25 (Light)
54.0 60.2 72.0 100 200 3.0 3.0 2.0 2.0 2.0 2.0 2.0 1.5 2.0 1.5 2.0 2.0 2.0 2.0 2.0 1.5 2.0 2.0 1.5 2.0 2.0 2.0 1.5 2.0 3.0 0.0 1.5 2.0 1.5 1.5  # A26 (Heavy)
63.3 70.2 80.5 100 200 3.0 3.0 2.0 2.0 2.0 2.0 2.0 1.5 2.0 1.5 2.0 2.0 2.0 2.0 2.0 1.5 2.0 2.0 1.5 2.0 2.0 2.0 1.5 2.0 3.0 1.5 0.0 2.0 1.5 1.5  # A27 (Heavy)
0.0 2.5 10.5 60 150 2.0 2.0 1.0 1.0 1.0 1.0 1.0 1.0 1.0 1.0 1.0 1.0 1.0 1.0 1.0 1.0 1.0 1.0 1.0 1.0 1.0 1.0 1.0 1.0 2.0 1.0 1.0 0.0 1.0 1.0  # A28 (Medium)
63.1 70.7 81.5 100 200 3.0 3.0 2.0 2.0 2.0 2.0 2.0 1.5 2.0 1.5 2.0 2.0 2.0 2.0 2.0 1.5 2.0 2.0 1.5 2.0 2.0 2.0 1.5 2.0 3.0 1.5 1.5 2.0 0.0 1.5  # A29 (Heavy)
69.9 74.3 89.8 100 200 3.0 3.0 2.0 2.0 2.0 2.0 2.0 1.5 2.0 1.5 2.0 2.0 2.0 2.0 2.0 1.5 2.0 2.0 1.5 2.0 2.0 2.0 1.5 2.0 3.0 1.5 1.5 2.0 1.5 0.0  # A30 (Heavy)
