# Schiphol Airport Landing Scenario - sensitivity_a40_r2
# Realistic evening rush hour (18:00-20:00)
# 40 aircraft, 2 runway(s)
# Aircraft mix: 12 Heavy, 24 Medium, 4 Light
# Time unit: MINUTES from 18:00 (base time)
# Costs: EUR per MINUTE early/late
# Separation: Based on ICAO wake turbulence categories
#
# Format: num_aircraft freeze_time
# For each aircraft: appearance_time target_time latest_time early_penalty late_penalty sep_1 sep_2 ... sep_n
# Aircraft types (in order): H M H M L H L M M M M M M M M M M M L H M M H H M H H M L H H M M H M M M H M M
40 0.0
72.1 77.8 89.3 100 200 0.0 2.0 1.5 2.0 3.0 1.5 3.0 2.0 2.0 2.0 2.0 2.0 2.0 2.0 2.0 2.0 2.0 2.0 3.0 1.5 2.0 2.0 1.5 1.5 2.0 1.5 1.5 2.0 3.0 1.5 1.5 2.0 2.0 1.5 2.0 2.0 2.0 1.5 2.0 2.0  # A1 (Heavy)
71.5 75.8 86.9 60 150 1.0 0.0 1.0 1.0 2.0 1.0 2.0 1.0 1.0 1.0 1.0 1.0 1.0 1.0 1.0 1.0 1.0 1.0 2.0 1.0 1.0 1.0 1.0 1.0 1.0 1.0 1.0 1.0 2.0 1.0 1.0 1.0 1.0 1.0 1.0 1.0 1.0 1.0 1.0 1.0  # A2 (Medium)
57.3 63.8 79.2 100 200 1.5 2.0 0.0 2.0 3.0 1.5 3.0 2.0 2.0 2.0 2.0 2.0 2.0 2.0 2.0 2.0 2.0 2.0 3.0 1.5 2.0 2.0 1.5 1.5 2.0 1.5 1.5 2.0 3.0 1.5 1.5 2.0 2.0 1.5 2.0 2.0 2.0 1.5 2.0 2.0  # A3 (Heavy)
57.5 61.8 71.0 60 150 1.0 1.0 1.0 0.0 2.0 1.0 2.0 1.0 1.0 1.0 1.0 1.0 1.0 1.0 1.0 1.0 1.0 1.0 2.0 1.0 1.0 1.0 1.0 1.0 1.0 1.0 1.0 1.0 2.0 1.0 1.0 1.0 1.0 1.0 1.0 1.0 1.0 1.0 1.0 1.0  # A4 (Medium)
85.8 90.4 95.5 30 80 1.0 1.0 1.0 1.0 0.0 1.0 1.0 1.0 1.0 1.0 1.0 1.0 1.0 1.0 1.0 1.0 1.0 1.0 1.0 1.0 1.0 1.0 1.0 1.0 1.0 1.0 1.0 1.0 1.0 1.0 1.0 1.0 1.0 1.0 1.0 1.0 1.0 1.0 1.0 1.0  # A5 (Light)
27.1 33.5 47.1 100 200 1.5 2.0 1.5 2.0 3.0 0.0 3.0 2.0 2.0 2.0 2.0 2.0 2.0 2.0 2.0 2.0 2.0 2.0 3.0 1.5 2.0 2.0 1.5 1.5 2.0 1.5 1.5 2.0 3.0 1.5 1.5 2.0 2.0 1.5 2.0 2.0 2.0 1.5 2.0 2.0  # A6 (Heavy)
66.9 70.5 79.9 30 80 1.0 1.0 1.0 1.0 1.0 1.0 0.0 1.0 1.0 1.0 1.0 1.0 1.0 1.0 1.0 1.0 1.0 1.0 1.0 1.0 1.0 1.0 1.0 1.0 1.0 1.0 1.0 1.0 1.0 1.0 1.0 1.0 1.0 1.0 1.0 1.0 1.0 1.0 1.0 1.0  # A7 (Light)
57.4 61.8 72.9 60 150 1.0 1.0 1.0 1.0 2.0 1.0 2.0 0.0 1.0 1.0 1.0 1.0 1.0 1.0 1.0 1.0 1.0 1.0 2.0 1.0 1.0 1.0 1.0 1.0 1.0 1.0 1.0 1.0 2.0 1.0 1.0 1.0 1.0 1.0 1.0 1.0 1.0 1.0 1.0 1.0  # A8 (Medium)
80.3 85.4 95.5 60 150 1.0 1.0 1.0 1.0 2.0 1.0 2.0 1.0 0.0 1.0 1.0 1.0 1.0 1.0 1.0 1.0 1.0 1.0 2.0 1.0 1.0 1.0 1.0 1.0 1.0 1.0 1.0 1.0 2.0 1.0 1.0 1.0 1.0 1.0 1.0 1.0 1.0 1.0 1.0 1.0  # A9 (Medium)
69.4 73.9 84.9 60 150 1.0 1.0 1.0 1.0 2.0 1.0 2.0 1.0 1.0 0.0 1.0 1.0 1.0 1.0 1.0 1.0 1.0 1.0 2.0 1.0 1.0 1.0 1.0 1.0 1.0 1.0 1.0 1.0 2.0 1.0 1.0 1.0 1.0 1.0 1.0 1.0 1.0 1.0 1.0 1.0  # A10 (Medium)
77.4 83.3 90.7 60 150 1.0 1.0 1.0 1.0 2.0 1.0 2.0 1.0 1.0 1.0 0.0 1.0 1.0 1.0 1.0 1.0 1.0 1.0 2.0 1.0 1.0 1.0 1.0 1.0 1.0 1.0 1.0 1.0 2.0 1.0 1.0 1.0 1.0 1.0 1.0 1.0 1.0 1.0 1.0 1.0  # A11 (Medium)
98.0 101.0 113.3 60 150 1.0 1.0 1.0 1.0 2.0 1.0 2.0 1.0 1.0 1.0 1.0 0.0 1.0 1.0 1.0 1.0 1.0 1.0 2.0 1.0 1.0 1.0 1.0 1.0 1.0 1.0 1.0 1.0 2.0 1.0 1.0 1.0 1.0 1.0 1.0 1.0 1.0 1.0 1.0 1.0  # A12 (Medium)
59.8 63.8 74.6 60 150 1.0 1.0 1.0 1.0 2.0 1.0 2.0 1.0 1.0 1.0 1.0 1.0 0.0 1.0 1.0 1.0 1.0 1.0 2.0 1.0 1.0 1.0 1.0 1.0 1.0 1.0 1.0 1.0 2.0 1.0 1.0 1.0 1.0 1.0 1.0 1.0 1.0 1.0 1.0 1.0  # A13 (Medium)
61.9 68.3 76.6 60 150 1.0 1.0 1.0 1.0 2.0 1.0 2.0 1.0 1.0 1.0 1.0 1.0 1.0 0.0 1.0 1.0 1.0 1.0 2.0 1.0 1.0 1.0 1.0 1.0 1.0 1.0 1.0 1.0 2.0 1.0 1.0 1.0 1.0 1.0 1.0 1.0 1.0 1.0 1.0 1.0  # A14 (Medium)
1.1 5.8 15.8 60 150 1.0 1.0 1.0 1.0 2.0 1.0 2.0 1.0 1.0 1.0 1.0 1.0 1.0 1.0 0.0 1.0 1.0 1.0 2.0 1.0 1.0 1.0 1.0 1.0 1.0 1.0 1.0 1.0 2.0 1.0 1.0 1.0 1.0 1.0 1.0 1.0 1.0 1.0 1.0 1.0  # A15 (Medium)
61.7 68.0 75.3 60 150 1.0 1.0 1.0 1.0 2.0 1.0 2.0 1.0 1.0 1.0 1.0 1.0 1.0 1.0 1.0 0.0 1.0 1.0 2.0 1.0 1.0 1.0 1.0 1.0 1.0 1.0 1.0 1.0 2.0 1.0 1.0 1.0 1.0 1.0 1.0 1.0 1.0 1.0 1.0 1.0  # A16 (Medium)
58.3 64.2 72.9 60 150 1.0 1.0 1.0 1.0 2.0 1.0 2.0 1.0 1.0 1.0 1.0 1.0 1.0 1.0 1.0 1.0 0.0 1.0 2.0 1.0 1.0 1.0 1.0 1.0 1.0 1.0 1.0 1.0 2.0 1.0 1.0 1.0 1.0 1.0 1.0 1.0 1.0 1.0 1.0 1.0  # A17 (Medium)
84.5 87.6 97.4 60 150 1.0 1.0 1.0 1.0 2.0 1.0 2.0 1.0 1.0 1.0 1.0 1.0 1.0 1.0 1.0 1.0 1.0 0.0 2.0 1.0 1.0 1.0 1.0 1.0 1.0 1.0 1.0 1.0 2.0 1.0 1.0 1.0 1.0 1.0 1.0 1.0 1.0 1.0 1.0 1.0  # A18 (Medium)
73.6 78.3 86.8 30 80 1.0 1.0 1.0 1.0 1.0 1.0 1.0 1.0 1.0 1.0 1.0 1.0 1.0 1.0 1.0 1.0 1.0 1.0 0.0 1.0 1.0 1.0 1.0 1.0 1.0 1.0 1.0 1.0 1.0 1.0 1.0 1.0 1.0 1.0 1.0 1.0 1.0 1.0 1.0 1.0  # A19 (Light)
18.5 27.4 40.3 100 200 1.5 2.0 1.5 2.0 3.0 1.5 3.0 2.0 2.0 2.0 2.0 2.0 2.0 2.0 2.0 2.0 2.0 2.0 3.0 0.0 2.0 2.0 1.5 1.5 2.0 1.5 1.5 2.0 3.0 1.5 1.5 2.0 2.0 1.5 2.0 2.0 2.0 1.5 2.0 2.0  # A20 (Heavy)
38.9 44.8 54.0 60 150 1.0 1.0 1.0 1.0 2.0 1.0 2.0 1.0 1.0 1.0 1.0 1.0 1.0 1.0 1.0 1.0 1.0 1.0 2.0 1.0 0.0 1.0 1.0 1.0 1.0 1.0 1.0 1.0 2.0 1.0 1.0 1.0 1.0 1.0 1.0 1.0 1.0 1.0 1.0 1.0  # A21 (Medium)
58.9 62.9 74.5 60 150 1.0 1.0 1.0 1.0 2.0 1.0 2.0 1.0 1.0 1.0 1.0 1.0 1.0 1.0 1.0 1.0 1.0 1.0 2.0 1.0 1.0 0.0 1.0 1.0 1.0 1.0 1.0 1.0 2.0 1.0 1.0 1.0 1.0 1.0 1.0 1.0 1.0 1.0 1.0 1.0  # A22 (Medium)
57.7 66.8 77.6 100 200 1.5 2.0 1.5 2.0 3.0 1.5 3.0 2.0 2.0 2.0 2.0 2.0 2.0 2.0 2.0 2.0 2.0 2.0 3.0 1.5 2.0 2.0 0.0 1.5 2.0 1.5 1.5 2.0 3.0 1.5 1.5 2.0 2.0 1.5 2.0 2.0 2.0 1.5 2.0 2.0  # A23 (Heavy)
41.8 47.1 58.3 100 200 1.5 2.0 1.5 2.0 3.0 1.5 3.0 2.0 2.0 2.0 2.0 2.0 2.0 2.0 2.0 2.0 2.0 2.0 3.0 1.5 2.0 2.0 1.5 0.0 2.0 1.5 1.5 2.0 3.0 1.5 1.5 2.0 2.0 1.5 2.0 2.0 2.0 1.5 2.0 2.0  # A24 (Heavy)
69.5 74.5 85.1 60 150 1.0 1.0 1.0 1.0 2.0 1.0 2.0 1.0 1.0 1.0 1.0 1.0 1.0 1.0 1.0 1.0 1.0 1.0 2.0 1.0 1.0 1.0 1.0 1.0 0.0 1.0 1.0 1.0 2.0 1.0 1.0 1.0 1.0 1.0 1.0 1.0 1.0 1.0 1.0 1.0  # A25 (Medium)
56.6 63.2 75.2 100 200 1.5 2.0 1.5 2.0 3.0 1.5 3.0 2.0 2.0 2.0 2.0 2.0 2.0 2.0 2.0 2.0 2.0 2.0 3.0 1.5 2.0 2.0 1.5 1.5 2.0 0.0 1.5 2.0 3.0 1.5 1.5 2.0 2.0 1.5 2.0 2.0 2.0 1.5 2.0 2.0  # A26 (Heavy)
81.6 85.6 97.9 100 200 1.5 2.0 1.5 2.0 3.0 1.5 3.0 2.0 2.0 2.0 2.0 2.0 2.0 2.0 2.0 2.0 2.0 2.0 3.0 1.5 2.0 2.0 1.5 1.5 2.0 1.5 0.0 2.0 3.0 1.5 1.5 2.0 2.0 1.5 2.0 2.0 2.0 1.5 2.0 2.0  # A27 (Heavy)
12.2 17.9 28.1 60 150 1.0 1.0 1.0 1.0 2.0 1.0 2.0 1.0 1.0 1.0 1.0 1.0 1.0 1.0 1.0 1.0 1.0 1.0 2.0 1.0 1.0 1.0 1.0 1.0 1.0 1.0 1.0 0.0 2.0 1.0 1.0 1.0 1.0 1.0 1.0 1.0 1.0 1.0 1.0 1.0  # A28 (Medium)
34.9 39.4 48.6 30 80 1.0 1.0 1.0 1.0 1.0 1.0 1.0 1.0 1.0 1.0 1.0 1.0 1.0 1.0 1.0 1.0 1.0 1.0 1.0 1.0 1.0 1.0 1.0 1.0 1.0 1.0 1.0 1.0 0.0 1.0 1.0 1.0 1.0 1.0 1.0 1.0 1.0 1.0 1.0 1.0  # A29 (Light)
83.2 89.9 99.1 100 200 1.5 2.0 1.5 2.0 3.0 1.5 3.0 2.0 2.0 2.0 2.0 2.0 2.0 2.0 2.0 2.0 2.0 2.0 3.0 1.5 2.0 2.0 1.5 1.5 2.0 1.5 1.5 2.0 3.0 0.0 1.5 2.0 2.0 1.5 2.0 2.0 2.0 1.5 2.0 2.0  # A30 (Heavy)
54.6 61.1 74.1 100 200 1.5 2.0 1.5 2.0 3.0 1.5 3.0 2.0 2.0 2.0 2.0 2.0 2.0 2.0 2.0 2.0 2.0 2.0 3.0 1.5 2.0 2.0 1.5 1.5 2.0 1.5 1.5 2.0 3.0 1.5 0.0 2.0 2.0 1.5 2.0 2.0 2.0 1.5 2.0 2.0  # A31 (Heavy)
77.5 81.4 93.9 60 150 1.0 1.0 1.0 1.0 2.0 1.0 2.0 1.0 1.0 1.0 1.0 1.0 1.0 1.0 1.0 1.0 1.0 1.0 2.0 1.0 1.0 1.0 1.0 1.0 1.0 1.0 1.0 1.0 2.0 1.0 1.0 0.0 1.0 1.0 1.0 1.0 1.0 1.0 1.0 1.0  # A32 (Medium)
64.0 69.8 78.7 60 150 1.0 1.0 1.0 1.0 2.0 1.0 2.0 1.0 1.0 1.0 1.0 1.0 1.0 1.0 1.0 1.0 1.0 1.0 2.0 1.0 1.0 1.0 1.0 1.0 1.0 1.0 1.0 1.0 2.0 1.0 1.0 1.0 0.0 1.0 1.0 1.0 1.0 1.0 1.0 1.0  # A33 (Medium)
74.6 78.3 91.5 100 200 1.5 2.0 1.5 2.0 3.0 1.5 3.0 2.0 2.0 2.0 2.0 2.0 2.0 2.0 2.0 2.0 2.0 2.0 3.0 1.5 2.0 2.0 1.5 1.5 2.0 1.5 1.5 2.0 3.0 1.5 1.5 2.0 2.0 0.0 2.0 2.0 2.0 1.5 2.0 2.0  # A34 (Heavy)
107.7 113.0 122.0 60 150 1.0 1.0 1.0 1.0 2.0 1.0 2.0 1.0 1.0 1.0 1.0 1.0 1.0 1.0 1.0 1.0 1.0 1.0 2.0 1.0 1.0 1.0 1.0 1.0 1.0 1.0 1.0 1.0 2.0 1.0 1.0 1.0 1.0 1.0 0.0 1.0 1.0 1.0 1.0 1.0  # A35 (Medium)
56.6 60.7 70.7 60 150 1.0 1.0 1.0 1.0 2.0 1.0 2.0 1.0 1.0 1.0 1.0 1.0 1.0 1.0 1.0 1.0 1.0 1.0 2.0 1.0 1.0 1.0 1.0 1.0 1.0 1.0 1.0 1.0 2.0 1.0 1.0 1.0 1.0 1.0 1.0 0.0 1.0 1.0 1.0 1.0  # A36 (Medium)
78.4 82.3 94.0 60 150 1.0 1.0 1.0 1.0 2.0 1.0 2.0 1.0 1.0 1.0 1.0 1.0 1.0 1.0 1.0 1.0 1.0 1.0 2.0 1.0 1.0 1.0 1.0 1.0 1.0 1.0 1.0 1.0 2.0 1.0 1.0 1.0 1.0 1.0 1.0 1.0 0.0 1.0 1.0 1.0  # A37 (Medium)
69.6 78.0 88.9 100 200 1.5 2.0 1.5 2.0 3.0 1.5 3.0 2.0 2.0 2.0 2.0 2.0 2.0 2.0 2.0 2.0 2.0 2.0 3.0 1.5 2.0 2.0 1.5 1.5 2.0 1.5 1.5 2.0 3.0 1.5 1.5 2.0 2.0 1.5 2.0 2.0 2.0 0.0 2.0 2.0  # A38 (Heavy)
29.2 33.4 44.5 60 150 1.0 1.0 1.0 1.0 2.0 1.0 2.0 1.0 1.0 1.0 1.0 1.0 1.0 1.0 1.0 1.0 1.0 1.0 2.0 1.0 1.0 1.0 1.0 1.0 1.0 1.0 1.0 1.0 2.0 1.0 1.0 1.0 1.0 1.0 1.0 1.0 1.0 1.0 0.0 1.0  # A39 (Medium)
11.8 15.5 27.2 60 150 1.0 1.0 1.0 1.0 2.0 1.0 2.0 1.0 1.0 1.0 1.0 1.0 1.0 1.0 1.0 1.0 1.0 1.0 2.0 1.0 1.0 1.0 1.0 1.0 1.0 1.0 1.0 1.0 2.0 1.0 1.0 1.0 1.0 1.0 1.0 1.0 1.0 1.0 1.0 0.0  # A40 (Medium)
