# Schiphol Airport Landing Scenario - sensitivity_a20_r4
# Realistic evening rush hour (18:00-20:00)
# 20 aircraft, 4 runway(s)
# Aircraft mix: 6 Heavy, 12 Medium, 2 Light
# Time unit: MINUTES from 18:00 (base time)
# Costs: EUR per MINUTE early/late
# Separation: Based on ICAO wake turbulence categories
#
# Format: num_aircraft freeze_time
# For each aircraft: appearance_time target_time latest_time early_penalty late_penalty sep_1 sep_2 ... sep_n
# Aircraft types (in order): H M H M L L H H M M M H M M M H M M M M
20 0.0
64.8 69.9 86.0 100 200 0.0 2.0 1.5 2.0 3.0 3.0 1.5 1.5 2.0 2.0 2.0 1.5 2.0 2.0 2.0 1.5 2.0 2.0 2.0 2.0  # A1 (Heavy)
77.5 82.7 92.1 60 150 1.0 0.0 1.0 1.0 2.0 2.0 1.0 1.0 1.0 1.0 1.0 1.0 1.0 1.0 1.0 1.0 1.0 1.0 1.0 1.0  # A2 (Medium)
1.7 10.2 19.3 100 200 1.5 2.0 0.0 2.0 3.0 3.0 1.5 1.5 2.0 2.0 2.0 1.5 2.0 2.0 2.0 1.5 2.0 2.0 2.0 2.0  # A3 (Heavy)
64.4 70.4 79.7 60 150 1.0 1.0 1.0 0.0 2.0 2.0 1.0 1.0 1.0 1.0 1.0 1.0 1.0 1.0 1.0 1.0 1.0 1.0 1.0 1.0  # A4 (Medium)
70.6 73.8 82.0 30 80 1.0 1.0 1.0 1.0 0.0 1.0 1.0 1.0 1.0 1.0 1.0 1.0 1.0 1.0 1.0 1.0 1.0 1.0 1.0 1.0  # A5 (Light)
61.0 63.6 72.3 30 80 1.0 1.0 1.0 1.0 1.0 0.0 1.0 1.0 1.0 1.0 1.0 1.0 1.0 1.0 1.0 1.0 1.0 1.0 1.0 1.0  # A6 (Light)
72.1 76.9 89.1 100 200 1.5 2.0 1.5 2.0 3.0 3.0 0.0 1.5 2.0 2.0 2.0 1.5 2.0 2.0 2.0 1.5 2.0 2.0 2.0 2.0  # A7 (Heavy)
80.3 85.3 99.6 100 200 1.5 2.0 1.5 2.0 3.0 3.0 1.5 0.0 2.0 2.0 2.0 1.5 2.0 2.0 2.0 1.5 2.0 2.0 2.0 2.0  # A8 (Heavy)
100.1 103.5 114.2 60 150 1.0 1.0 1.0 1.0 2.0 2.0 1.0 1.0 0.0 1.0 1.0 1.0 1.0 1.0 1.0 1.0 1.0 1.0 1.0 1.0  # A9 (Medium)
66.8 72.6 80.6 60 150 1.0 1.0 1.0 1.0 2.0 2.0 1.0 1.0 1.0 0.0 1.0 1.0 1.0 1.0 1.0 1.0 1.0 1.0 1.0 1.0  # A10 (Medium)
27.5 29.7 41.2 60 150 1.0 1.0 1.0 1.0 2.0 2.0 1.0 1.0 1.0 1.0 0.0 1.0 1.0 1.0 1.0 1.0 1.0 1.0 1.0 1.0  # A11 (Medium)
57.9 64.3 75.7 100 200 1.5 2.0 1.5 2.0 3.0 3.0 1.5 1.5 2.0 2.0 2.0 0.0 2.0 2.0 2.0 1.5 2.0 2.0 2.0 2.0  # A12 (Heavy)
73.5 78.3 90.7 60 150 1.0 1.0 1.0 1.0 2.0 2.0 1.0 1.0 1.0 1.0 1.0 1.0 0.0 1.0 1.0 1.0 1.0 1.0 1.0 1.0  # A13 (Medium)
78.1 84.4 94.7 60 150 1.0 1.0 1.0 1.0 2.0 2.0 1.0 1.0 1.0 1.0 1.0 1.0 1.0 0.0 1.0 1.0 1.0 1.0 1.0 1.0  # A14 (Medium)
68.0 74.6 84.6 60 150 1.0 1.0 1.0 1.0 2.0 2.0 1.0 1.0 1.0 1.0 1.0 1.0 1.0 1.0 0.0 1.0 1.0 1.0 1.0 1.0  # A15 (Medium)
54.2 59.6 74.2 100 200 1.5 2.0 1.5 2.0 3.0 3.0 1.5 1.5 2.0 2.0 2.0 1.5 2.0 2.0 2.0 0.0 2.0 2.0 2.0 2.0  # A16 (Heavy)
12.0 15.8 27.2 60 150 1.0 1.0 1.0 1.0 2.0 2.0 1.0 1.0 1.0 1.0 1.0 1.0 1.0 1.0 1.0 1.0 0.0 1.0 1.0 1.0  # A17 (Medium)
81.0 86.2 95.4 60 150 1.0 1.0 1.0 1.0 2.0 2.0 1.0 1.0 1.0 1.0 1.0 1.0 1.0 1.0 1.0 1.0 1.0 0.0 1.0 1.0  # A18 (Medium)
0.0 0.5 10.4 60 150 1.0 1.0 1.0 1.0 2.0 2.0 1.0 1.0 1.0 1.0 1.0 1.0 1.0 1.0 1.0 1.0 1.0 1.0 0.0 1.0  # A19 (Medium)
81.1 88.3 98.3 60 150 1.0 1.0 1.0 1.0 2.0 2.0 1.0 1.0 1.0 1.0 1.0 1.0 1.0 1.0 1.0 1.0 1.0 1.0 1.0 0.0  # A20 (Medium)
