# Schiphol Airport Landing Scenario - sensitivity_a40_r3
# Realistic evening rush hour (18:00-20:00)
# 40 aircraft, 3 runway(s)
# Aircraft mix: 12 Heavy, 24 Medium, 4 Light
# Time unit: MINUTES from 18:00 (base time)
# Costs: EUR per MINUTE early/late
# Separation: Based on ICAO wake turbulence categories
#
# Format: num_aircraft freeze_time
# For each aircraft: appearance_time target_time latest_time early_penalty late_penalty sep_1 sep_2 ... sep_n
# Aircraft types (in order): L M M H H H M M M M H L H H M H M M L M H M M M M H H H M M M M M M L M M M H M
40 0.0
97.9 100.3 111.1 30 80 0.0 1.0 1.0 1.0 1.0 1.0 1.0 1.0 1.0 1.0 1.0 1.0 1.0 1.0 1.0 1.0 1.0 1.0 1.0 1.0 1.0 1.0 1.0 1.0 1.0 1.0 1.0 1.0 1.0 1.0 1.0 1.0 1.0 1.0 1.0 1.0 1.0 1.0 1.0 1.0  # A1 (Light)
81.1 87.3 96.0 60 150 2.0 0.0 1.0 1.0 1.0 1.0 1.0 1.0 1.0 1.0 1.0 2.0 1.0 1.0 1.0 1.0 1.0 1.0 2.0 1.0 1.0 1.0 1.0 1.0 1.0 1.0 1.0 1.0 1.0 1.0 1.0 1.0 1.0 1.0 2.0 1.0 1.0 1.0 1.0 1.0  # A2 (Medium)
100.8 106.3 115.3 60 150 2.0 1.0 0.0 1.0 1.0 1.0 1.0 1.0 1.0 1.0 1.0 2.0 1.0 1.0 1.0 1.0 1.0 1.0 2.0 1.0 1.0 1.0 1.0 1.0 1.0 1.0 1.0 1.0 1.0 1.0 1.0 1.0 1.0 1.0 2.0 1.0 1.0 1.0 1.0 1.0  # A3 (Medium)
67.5 73.8 88.1 100 200 3.0 2.0 2.0 0.0 1.5 1.5 2.0 2.0 2.0 2.0 1.5 3.0 1.5 1.5 2.0 1.5 2.0 2.0 3.0 2.0 1.5 2.0 2.0 2.0 2.0 1.5 1.5 1.5 2.0 2.0 2.0 2.0 2.0 2.0 3.0 2.0 2.0 2.0 1.5 2.0  # A4 (Heavy)
61.8 67.9 79.1 100 200 3.0 2.0 2.0 1.5 0.0 1.5 2.0 2.0 2.0 2.0 1.5 3.0 1.5 1.5 2.0 1.5 2.0 2.0 3.0 2.0 1.5 2.0 2.0 2.0 2.0 1.5 1.5 1.5 2.0 2.0 2.0 2.0 2.0 2.0 3.0 2.0 2.0 2.0 1.5 2.0  # A5 (Heavy)
91.1 94.7 108.8 100 200 3.0 2.0 2.0 1.5 1.5 0.0 2.0 2.0 2.0 2.0 1.5 3.0 1.5 1.5 2.0 1.5 2.0 2.0 3.0 2.0 1.5 2.0 2.0 2.0 2.0 1.5 1.5 1.5 2.0 2.0 2.0 2.0 2.0 2.0 3.0 2.0 2.0 2.0 1.5 2.0  # A6 (Heavy)
79.1 82.8 95.2 60 150 2.0 1.0 1.0 1.0 1.0 1.0 0.0 1.0 1.0 1.0 1.0 2.0 1.0 1.0 1.0 1.0 1.0 1.0 2.0 1.0 1.0 1.0 1.0 1.0 1.0 1.0 1.0 1.0 1.0 1.0 1.0 1.0 1.0 1.0 2.0 1.0 1.0 1.0 1.0 1.0  # A7 (Medium)
70.2 75.9 83.5 60 150 2.0 1.0 1.0 1.0 1.0 1.0 1.0 0.0 1.0 1.0 1.0 2.0 1.0 1.0 1.0 1.0 1.0 1.0 2.0 1.0 1.0 1.0 1.0 1.0 1.0 1.0 1.0 1.0 1.0 1.0 1.0 1.0 1.0 1.0 2.0 1.0 1.0 1.0 1.0 1.0  # A8 (Medium)
73.6 77.7 88.2 60 150 2.0 1.0 1.0 1.0 1.0 1.0 1.0 1.0 0.0 1.0 1.0 2.0 1.0 1.0 1.0 1.0 1.0 1.0 2.0 1.0 1.0 1.0 1.0 1.0 1.0 1.0 1.0 1.0 1.0 1.0 1.0 1.0 1.0 1.0 2.0 1.0 1.0 1.0 1.0 1.0  # A9 (Medium)
73.5 76.1 89.3 60 150 2.0 1.0 1.0 1.0 1.0 1.0 1.0 1.0 1.0 0.0 1.0 2.0 1.0 1.0 1.0 1.0 1.0 1.0 2.0 1.0 1.0 1.0 1.0 1.0 1.0 1.0 1.0 1.0 1.0 1.0 1.0 1.0 1.0 1.0 2.0 1.0 1.0 1.0 1.0 1.0  # A10 (Medium)
60.5 65.0 80.0 100 200 3.0 2.0 2.0 1.5 1.5 1.5 2.0 2.0 2.0 2.0 0.0 3.0 1.5 1.5 2.0 1.5 2.0 2.0 3.0 2.0 1.5 2.0 2.0 2.0 2.0 1.5 1.5 1.5 2.0 2.0 2.0 2.0 2.0 2.0 3.0 2.0 2.0 2.0 1.5 2.0  # A11 (Heavy)
74.5 80.4 85.3 30 80 1.0 1.0 1.0 1.0 1.0 1.0 1.0 1.0 1.0 1.0 1.0 0.0 1.0 1.0 1.0 1.0 1.0 1.0 1.0 1.0 1.0 1.0 1.0 1.0 1.0 1.0 1.0 1.0 1.0 1.0 1.0 1.0 1.0 1.0 1.0 1.0 1.0 1.0 1.0 1.0  # A12 (Light)
76.2 81.2 96.4 100 200 3.0 2.0 2.0 1.5 1.5 1.5 2.0 2.0 2.0 2.0 1.5 3.0 0.0 1.5 2.0 1.5 2.0 2.0 3.0 2.0 1.5 2.0 2.0 2.0 2.0 1.5 1.5 1.5 2.0 2.0 2.0 2.0 2.0 2.0 3.0 2.0 2.0 2.0 1.5 2.0  # A13 (Heavy)
91.8 97.8 109.3 100 200 3.0 2.0 2.0 1.5 1.5 1.5 2.0 2.0 2.0 2.0 1.5 3.0 1.5 0.0 2.0 1.5 2.0 2.0 3.0 2.0 1.5 2.0 2.0 2.0 2.0 1.5 1.5 1.5 2.0 2.0 2.0 2.0 2.0 2.0 3.0 2.0 2.0 2.0 1.5 2.0  # A14 (Heavy)
83.7 88.5 98.6 60 150 2.0 1.0 1.0 1.0 1.0 1.0 1.0 1.0 1.0 1.0 1.0 2.0 1.0 1.0 0.0 1.0 1.0 1.0 2.0 1.0 1.0 1.0 1.0 1.0 1.0 1.0 1.0 1.0 1.0 1.0 1.0 1.0 1.0 1.0 2.0 1.0 1.0 1.0 1.0 1.0  # A15 (Medium)
45.6 50.0 64.3 100 200 3.0 2.0 2.0 1.5 1.5 1.5 2.0 2.0 2.0 2.0 1.5 3.0 1.5 1.5 2.0 0.0 2.0 2.0 3.0 2.0 1.5 2.0 2.0 2.0 2.0 1.5 1.5 1.5 2.0 2.0 2.0 2.0 2.0 2.0 3.0 2.0 2.0 2.0 1.5 2.0  # A16 (Heavy)
57.2 60.6 72.6 60 150 2.0 1.0 1.0 1.0 1.0 1.0 1.0 1.0 1.0 1.0 1.0 2.0 1.0 1.0 1.0 1.0 0.0 1.0 2.0 1.0 1.0 1.0 1.0 1.0 1.0 1.0 1.0 1.0 1.0 1.0 1.0 1.0 1.0 1.0 2.0 1.0 1.0 1.0 1.0 1.0  # A17 (Medium)
84.5 91.9 100.1 60 150 2.0 1.0 1.0 1.0 1.0 1.0 1.0 1.0 1.0 1.0 1.0 2.0 1.0 1.0 1.0 1.0 1.0 0.0 2.0 1.0 1.0 1.0 1.0 1.0 1.0 1.0 1.0 1.0 1.0 1.0 1.0 1.0 1.0 1.0 2.0 1.0 1.0 1.0 1.0 1.0  # A18 (Medium)
56.5 59.7 66.6 30 80 1.0 1.0 1.0 1.0 1.0 1.0 1.0 1.0 1.0 1.0 1.0 1.0 1.0 1.0 1.0 1.0 1.0 1.0 0.0 1.0 1.0 1.0 1.0 1.0 1.0 1.0 1.0 1.0 1.0 1.0 1.0 1.0 1.0 1.0 1.0 1.0 1.0 1.0 1.0 1.0  # A19 (Light)
73.2 79.4 88.8 60 150 2.0 1.0 1.0 1.0 1.0 1.0 1.0 1.0 1.0 1.0 1.0 2.0 1.0 1.0 1.0 1.0 1.0 1.0 2.0 0.0 1.0 1.0 1.0 1.0 1.0 1.0 1.0 1.0 1.0 1.0 1.0 1.0 1.0 1.0 2.0 1.0 1.0 1.0 1.0 1.0  # A20 (Medium)
63.8 70.8 81.1 100 200 3.0 2.0 2.0 1.5 1.5 1.5 2.0 2.0 2.0 2.0 1.5 3.0 1.5 1.5 2.0 1.5 2.0 2.0 3.0 2.0 0.0 2.0 2.0 2.0 2.0 1.5 1.5 1.5 2.0 2.0 2.0 2.0 2.0 2.0 3.0 2.0 2.0 2.0 1.5 2.0  # A21 (Heavy)
8.7 13.2 24.3 60 150 2.0 1.0 1.0 1.0 1.0 1.0 1.0 1.0 1.0 1.0 1.0 2.0 1.0 1.0 1.0 1.0 1.0 1.0 2.0 1.0 1.0 0.0 1.0 1.0 1.0 1.0 1.0 1.0 1.0 1.0 1.0 1.0 1.0 1.0 2.0 1.0 1.0 1.0 1.0 1.0  # A22 (Medium)
60.5 66.1 75.0 60 150 2.0 1.0 1.0 1.0 1.0 1.0 1.0 1.0 1.0 1.0 1.0 2.0 1.0 1.0 1.0 1.0 1.0 1.0 2.0 1.0 1.0 1.0 0.0 1.0 1.0 1.0 1.0 1.0 1.0 1.0 1.0 1.0 1.0 1.0 2.0 1.0 1.0 1.0 1.0 1.0  # A23 (Medium)
82.7 87.6 99.8 60 150 2.0 1.0 1.0 1.0 1.0 1.0 1.0 1.0 1.0 1.0 1.0 2.0 1.0 1.0 1.0 1.0 1.0 1.0 2.0 1.0 1.0 1.0 1.0 0.0 1.0 1.0 1.0 1.0 1.0 1.0 1.0 1.0 1.0 1.0 2.0 1.0 1.0 1.0 1.0 1.0  # A24 (Medium)
70.1 76.5 85.2 60 150 2.0 1.0 1.0 1.0 1.0 1.0 1.0 1.0 1.0 1.0 1.0 2.0 1.0 1.0 1.0 1.0 1.0 1.0 2.0 1.0 1.0 1.0 1.0 1.0 0.0 1.0 1.0 1.0 1.0 1.0 1.0 1.0 1.0 1.0 2.0 1.0 1.0 1.0 1.0 1.0  # A25 (Medium)
56.7 62.7 75.2 100 200 3.0 2.0 2.0 1.5 1.5 1.5 2.0 2.0 2.0 2.0 1.5 3.0 1.5 1.5 2.0 1.5 2.0 2.0 3.0 2.0 1.5 2.0 2.0 2.0 2.0 0.0 1.5 1.5 2.0 2.0 2.0 2.0 2.0 2.0 3.0 2.0 2.0 2.0 1.5 2.0  # A26 (Heavy)
0.0 1.1 15.0 100 200 3.0 2.0 2.0 1.5 1.5 1.5 2.0 2.0 2.0 2.0 1.5 3.0 1.5 1.5 2.0 1.5 2.0 2.0 3.0 2.0 1.5 2.0 2.0 2.0 2.0 1.5 0.0 1.5 2.0 2.0 2.0 2.0 2.0 2.0 3.0 2.0 2.0 2.0 1.5 2.0  # A27 (Heavy)
68.0 75.5 88.5 100 200 3.0 2.0 2.0 1.5 1.5 1.5 2.0 2.0 2.0 2.0 1.5 3.0 1.5 1.5 2.0 1.5 2.0 2.0 3.0 2.0 1.5 2.0 2.0 2.0 2.0 1.5 1.5 0.0 2.0 2.0 2.0 2.0 2.0 2.0 3.0 2.0 2.0 2.0 1.5 2.0  # A28 (Heavy)
65.0 70.7 80.2 60 150 2.0 1.0 1.0 1.0 1.0 1.0 1.0 1.0 1.0 1.0 1.0 2.0 1.0 1.0 1.0 1.0 1.0 1.0 2.0 1.0 1.0 1.0 1.0 1.0 1.0 1.0 1.0 1.0 0.0 1.0 1.0 1.0 1.0 1.0 2.0 1.0 1.0 1.0 1.0 1.0  # A29 (Medium)
31.3 38.9 48.5 60 150 2.0 1.0 1.0 1.0 1.0 1.0 1.0 1.0 1.0 1.0 1.0 2.0 1.0 1.0 1.0 1.0 1.0 1.0 2.0 1.0 1.0 1.0 1.0 1.0 1.0 1.0 1.0 1.0 1.0 0.0 1.0 1.0 1.0 1.0 2.0 1.0 1.0 1.0 1.0 1.0  # A30 (Medium)
42.5 48.5 55.5 60 150 2.0 1.0 1.0 1.0 1.0 1.0 1.0 1.0 1.0 1.0 1.0 2.0 1.0 1.0 1.0 1.0 1.0 1.0 2.0 1.0 1.0 1.0 1.0 1.0 1.0 1.0 1.0 1.0 1.0 1.0 0.0 1.0 1.0 1.0 2.0 1.0 1.0 1.0 1.0 1.0  # A31 (Medium)
56.0 62.7 71.7 60 150 2.0 1.0 1.0 1.0 1.0 1.0 1.0 1.0 1.0 1.0 1.0 2.0 1.0 1.0 1.0 1.0 1.0 1.0 2.0 1.0 1.0 1.0 1.0 1.0 1.0 1.0 1.0 1.0 1.0 1.0 1.0 0.0 1.0 1.0 2.0 1.0 1.0 1.0 1.0 1.0  # A32 (Medium)
61.8 66.9 77.1 60 150 2.0 1.0 1.0 1.0 1.0 1.0 1.0 1.0 1.0 1.0 1.0 2.0 1.0 1.0 1.0 1.0 1.0 1.0 2.0 1.0 1.0 1.0 1.0 1.0 1.0 1.0 1.0 1.0 1.0 1.0 1.0 1.0 0.0 1.0 2.0 1.0 1.0 1.0 1.0 1.0  # A33 (Medium)
83.6 87.1 98.3 60 150 2.0 1.0 1.0 1.0 1.0 1.0 1.0 1.0 1.0 1.0 1.0 2.0 1.0 1.0 1.0 1.0 1.0 1.0 2.0 1.0 1.0 1.0 1.0 1.0 1.0 1.0 1.0 1.0 1.0 1.0 1.0 1.0 1.0 0.0 2.0 1.0 1.0 1.0 1.0 1.0  # A34 (Medium)
77.0 81.4 89.8 30 80 1.0 1.0 1.0 1.0 1.0 1.0 1.0 1.0 1.0 1.0 1.0 1.0 1.0 1.0 1.0 1.0 1.0 1.0 1.0 1.0 1.0 1.0 1.0 1.0 1.0 1.0 1.0 1.0 1.0 1.0 1.0 1.0 1.0 1.0 0.0 1.0 1.0 1.0 1.0 1.0  # A35 (Light)
102.8 106.5 118.5 60 150 2.0 1.0 1.0 1.0 1.0 1.0 1.0 1.0 1.0 1.0 1.0 2.0 1.0 1.0 1.0 1.0 1.0 1.0 2.0 1.0 1.0 1.0 1.0 1.0 1.0 1.0 1.0 1.0 1.0 1.0 1.0 1.0 1.0 1.0 2.0 0.0 1.0 1.0 1.0 1.0  # A36 (Medium)
68.1 71.2 84.2 60 150 2.0 1.0 1.0 1.0 1.0 1.0 1.0 1.0 1.0 1.0 1.0 2.0 1.0 1.0 1.0 1.0 1.0 1.0 2.0 1.0 1.0 1.0 1.0 1.0 1.0 1.0 1.0 1.0 1.0 1.0 1.0 1.0 1.0 1.0 2.0 1.0 0.0 1.0 1.0 1.0  # A37 (Medium)
78.1 82.6 94.7 60 150 2.0 1.0 1.0 1.0 1.0 1.0 1.0 1.0 1.0 1.0 1.0 2.0 1.0 1.0 1.0 1.0 1.0 1.0 2.0 1.0 1.0 1.0 1.0 1.0 1.0 1.0 1.0 1.0 1.0 1.0 1.0 1.0 1.0 1.0 2.0 1.0 1.0 0.0 1.0 1.0  # A38 (Medium)
22.1 28.5 37.8 100 200 3.0 2.0 2.0 1.5 1.5 1.5 2.0 2.0 2.0 2.0 1.5 3.0 1.5 1.5 2.0 1.5 2.0 2.0 3.0 2.0 1.5 2.0 2.0 2.0 2.0 1.5 1.5 1.5 2.0 2.0 2.0 2.0 2.0 2.0 3.0 2.0 2.0 2.0 0.0 2.0  # A39 (Heavy)
73.6 78.7 89.6 60 150 2.0 1.0 1.0 1.0 1.0 1.0 1.0 1.0 1.0 1.0 1.0 2.0 1.0 1.0 1.0 1.0 1.0 1.0 2.0 1.0 1.0 1.0 1.0 1.0 1.0 1.0 1.0 1.0 1.0 1.0 1.0 1.0 1.0 1.0 2.0 1.0 1.0 1.0 1.0 0.0  # A40 (Medium)
