# Schiphol Airport Landing Scenario - sensitivity_a20_r3
# Realistic evening rush hour (18:00-20:00)
# 20 aircraft, 3 runway(s)
# Aircraft mix: 6 Heavy, 12 Medium, 2 Light
# Time unit: MINUTES from 18:00 (base time)
# Costs: EUR per MINUTE early/late
# Separation: Based on ICAO wake turbulence categories
#
# Format: num_aircraft freeze_time
# For each aircraft: appearance_time target_time latest_time early_penalty late_penalty sep_1 sep_2 ... sep_n
# Aircraft types (in order): M H L M L M M M M H H M M M M H H M H M
20 0.0
67.7 71.2 83.8 60 150 0.0 1.0 2.0 1.0 2.0 1.0 1.0 1.0 1.0 1.0 1.0 1.0 1.0 1.0 1.0 1.0 1.0 1.0 1.0 1.0  # A1 (Medium)
30.6 37.2 48.8 100 200 2.0 0.0 3.0 2.0 3.0 2.0 2.0 2.0 2.0 1.5 1.5 2.0 2.0 2.0 2.0 1.5 1.5 2.0 1.5 2.0  # A2 (Heavy)
23.0 25.8 36.0 30 80 1.0 1.0 0.0 1.0 1.0 1.0 1.0 1.0 1.0 1.0 1.0 1.0 1.0 1.0 1.0 1.0 1.0 1.0 1.0 1.0  # A3 (Light)
82.1 84.6 95.3 60 150 1.0 1.0 2.0 0.0 2.0 1.0 1.0 1.0 1.0 1.0 1.0 1.0 1.0 1.0 1.0 1.0 1.0 1.0 1.0 1.0  # A4 (Medium)
73.3 75.0 83.6 30 80 1.0 1.0 1.0 1.0 0.0 1.0 1.0 1.0 1.0 1.0 1.0 1.0 1.0 1.0 1.0 1.0 1.0 1.0 1.0 1.0  # A5 (Light)
82.2 87.1 95.2 60 150 1.0 1.0 2.0 1.0 2.0 0.0 1.0 1.0 1.0 1.0 1.0 1.0 1.0 1.0 1.0 1.0 1.0 1.0 1.0 1.0  # A6 (Medium)
12.3 16.2 28.6 60 150 1.0 1.0 2.0 1.0 2.0 1.0 0.0 1.0 1.0 1.0 1.0 1.0 1.0 1.0 1.0 1.0 1.0 1.0 1.0 1.0  # A7 (Medium)
112.7 117.6 128.9 60 150 1.0 1.0 2.0 1.0 2.0 1.0 1.0 0.0 1.0 1.0 1.0 1.0 1.0 1.0 1.0 1.0 1.0 1.0 1.0 1.0  # A8 (Medium)
27.1 32.0 40.6 60 150 1.0 1.0 2.0 1.0 2.0 1.0 1.0 1.0 0.0 1.0 1.0 1.0 1.0 1.0 1.0 1.0 1.0 1.0 1.0 1.0  # A9 (Medium)
53.5 62.2 76.0 100 200 2.0 1.5 3.0 2.0 3.0 2.0 2.0 2.0 2.0 0.0 1.5 2.0 2.0 2.0 2.0 1.5 1.5 2.0 1.5 2.0  # A10 (Heavy)
57.7 62.4 77.3 100 200 2.0 1.5 3.0 2.0 3.0 2.0 2.0 2.0 2.0 1.5 0.0 2.0 2.0 2.0 2.0 1.5 1.5 2.0 1.5 2.0  # A11 (Heavy)
48.7 52.0 62.7 60 150 1.0 1.0 2.0 1.0 2.0 1.0 1.0 1.0 1.0 1.0 1.0 0.0 1.0 1.0 1.0 1.0 1.0 1.0 1.0 1.0  # A12 (Medium)
69.3 73.6 82.9 60 150 1.0 1.0 2.0 1.0 2.0 1.0 1.0 1.0 1.0 1.0 1.0 1.0 0.0 1.0 1.0 1.0 1.0 1.0 1.0 1.0  # A13 (Medium)
74.1 79.9 88.3 60 150 1.0 1.0 2.0 1.0 2.0 1.0 1.0 1.0 1.0 1.0 1.0 1.0 1.0 0.0 1.0 1.0 1.0 1.0 1.0 1.0  # A14 (Medium)
82.5 88.7 97.2 60 150 1.0 1.0 2.0 1.0 2.0 1.0 1.0 1.0 1.0 1.0 1.0 1.0 1.0 1.0 0.0 1.0 1.0 1.0 1.0 1.0  # A15 (Medium)
69.4 74.0 89.6 100 200 2.0 1.5 3.0 2.0 3.0 2.0 2.0 2.0 2.0 1.5 1.5 2.0 2.0 2.0 2.0 0.0 1.5 2.0 1.5 2.0  # A16 (Heavy)
62.7 71.3 84.0 100 200 2.0 1.5 3.0 2.0 3.0 2.0 2.0 2.0 2.0 1.5 1.5 2.0 2.0 2.0 2.0 1.5 0.0 2.0 1.5 2.0  # A17 (Heavy)
66.5 69.9 80.0 60 150 1.0 1.0 2.0 1.0 2.0 1.0 1.0 1.0 1.0 1.0 1.0 1.0 1.0 1.0 1.0 1.0 1.0 0.0 1.0 1.0  # A18 (Medium)
23.1 30.7 43.9 100 200 2.0 1.5 3.0 2.0 3.0 2.0 2.0 2.0 2.0 1.5 1.5 2.0 2.0 2.0 2.0 1.5 1.5 2.0 0.0 2.0  # A19 (Heavy)
63.3 70.7 78.0 60 150 1.0 1.0 2.0 1.0 2.0 1.0 1.0 1.0 1.0 1.0 1.0 1.0 1.0 1.0 1.0 1.0 1.0 1.0 1.0 0.0  # A20 (Medium)
