# Schiphol Airport Landing Scenario - sensitivity_a40_r1
# Realistic evening rush hour (18:00-20:00)
# 40 aircraft, 1 runway(s)
# Aircraft mix: 12 Heavy, 24 Medium, 4 Light
# Time unit: MINUTES from 18:00 (base time)
# Costs: EUR per MINUTE early/late
# Separation: Based on ICAO wake turbulence categories
#
# Format: num_aircraft freeze_time
# For each aircraft: appearance_time target_time latest_time early_penalty late_penalty sep_1 sep_2 ... sep_n
# Aircraft types (in order): M M M M M M H M H M H M M M H M H H M H M M M H M L M M H M H L H H M M M L M L
40 0.0
70.9 76.6 87.2 60 150 0.0 1.0 1.0 1.0 1.0 1.0 1.0 1.0 1.0 1.0 1.0 1.0 1.0 1.0 1.0 1.0 1.0 1.0 1.0 1.0 1.0 1.0 1.0 1.0 1.0 2.0 1.0 1.0 1.0 1.0 1.0 2.0 1.0 1.0 1.0 1.0 1.0 2.0 1.0 2.0  # A1 (Medium)
62.9 65.9 76.1 60 150 1.0 0.0 1.0 1.0 1.0 1.0 1.0 1.0 1.0 1.0 1.0 1.0 1.0 1.0 1.0 1.0 1.0 1.0 1.0 1.0 1.0 1.0 1.0 1.0 1.0 2.0 1.0 1.0 1.0 1.0 1.0 2.0 1.0 1.0 1.0 1.0 1.0 2.0 1.0 2.0  # A2 (Medium)
112.4 119.8 128.0 60 150 1.0 1.0 0.0 1.0 1.0 1.0 1.0 1.0 1.0 1.0 1.0 1.0 1.0 1.0 1.0 1.0 1.0 1.0 1.0 1.0 1.0 1.0 1.0 1.0 1.0 2.0 1.0 1.0 1.0 1.0 1.0 2.0 1.0 1.0 1.0 1.0 1.0 2.0 1.0 2.0  # A3 (Medium)
16.6 20.9 32.3 60 150 1.0 1.0 1.0 0.0 1.0 1.0 1.0 1.0 1.0 1.0 1.0 1.0 1.0 1.0 1.0 1.0 1.0 1.0 1.0 1.0 1.0 1.0 1.0 1.0 1.0 2.0 1.0 1.0 1.0 1.0 1.0 2.0 1.0 1.0 1.0 1.0 1.0 2.0 1.0 2.0  # A4 (Medium)
78.1 83.9 94.0 60 150 1.0 1.0 1.0 1.0 0.0 1.0 1.0 1.0 1.0 1.0 1.0 1.0 1.0 1.0 1.0 1.0 1.0 1.0 1.0 1.0 1.0 1.0 1.0 1.0 1.0 2.0 1.0 1.0 1.0 1.0 1.0 2.0 1.0 1.0 1.0 1.0 1.0 2.0 1.0 2.0  # A5 (Medium)
57.4 61.0 69.9 60 150 1.0 1.0 1.0 1.0 1.0 0.0 1.0 1.0 1.0 1.0 1.0 1.0 1.0 1.0 1.0 1.0 1.0 1.0 1.0 1.0 1.0 1.0 1.0 1.0 1.0 2.0 1.0 1.0 1.0 1.0 1.0 2.0 1.0 1.0 1.0 1.0 1.0 2.0 1.0 2.0  # A6 (Medium)
51.8 59.0 73.5 100 200 2.0 2.0 2.0 2.0 2.0 2.0 0.0 2.0 1.5 2.0 1.5 2.0 2.0 2.0 1.5 2.0 1.5 1.5 2.0 1.5 2.0 2.0 2.0 1.5 2.0 3.0 2.0 2.0 1.5 2.0 1.5 3.0 1.5 1.5 2.0 2.0 2.0 3.0 2.0 3.0  # A7 (Heavy)
60.7 67.3 75.4 60 150 1.0 1.0 1.0 1.0 1.0 1.0 1.0 0.0 1.0 1.0 1.0 1.0 1.0 1.0 1.0 1.0 1.0 1.0 1.0 1.0 1.0 1.0 1.0 1.0 1.0 2.0 1.0 1.0 1.0 1.0 1.0 2.0 1.0 1.0 1.0 1.0 1.0 2.0 1.0 2.0  # A8 (Medium)
81.2 88.4 100.7 100 200 2.0 2.0 2.0 2.0 2.0 2.0 1.5 2.0 0.0 2.0 1.5 2.0 2.0 2.0 1.5 2.0 1.5 1.5 2.0 1.5 2.0 2.0 2.0 1.5 2.0 3.0 2.0 2.0 1.5 2.0 1.5 3.0 1.5 1.5 2.0 2.0 2.0 3.0 2.0 3.0  # A9 (Heavy)
79.7 85.4 93.6 60 150 1.0 1.0 1.0 1.0 1.0 1.0 1.0 1.0 1.0 0.0 1.0 1.0 1.0 1.0 1.0 1.0 1.0 1.0 1.0 1.0 1.0 1.0 1.0 1.0 1.0 2.0 1.0 1.0 1.0 1.0 1.0 2.0 1.0 1.0 1.0 1.0 1.0 2.0 1.0 2.0  # A10 (Medium)
75.6 82.3 93.8 100 200 2.0 2.0 2.0 2.0 2.0 2.0 1.5 2.0 1.5 2.0 0.0 2.0 2.0 2.0 1.5 2.0 1.5 1.5 2.0 1.5 2.0 2.0 2.0 1.5 2.0 3.0 2.0 2.0 1.5 2.0 1.5 3.0 1.5 1.5 2.0 2.0 2.0 3.0 2.0 3.0  # A11 (Heavy)
56.4 60.0 71.9 60 150 1.0 1.0 1.0 1.0 1.0 1.0 1.0 1.0 1.0 1.0 1.0 0.0 1.0 1.0 1.0 1.0 1.0 1.0 1.0 1.0 1.0 1.0 1.0 1.0 1.0 2.0 1.0 1.0 1.0 1.0 1.0 2.0 1.0 1.0 1.0 1.0 1.0 2.0 1.0 2.0  # A12 (Medium)
7.2 13.5 24.3 60 150 1.0 1.0 1.0 1.0 1.0 1.0 1.0 1.0 1.0 1.0 1.0 1.0 0.0 1.0 1.0 1.0 1.0 1.0 1.0 1.0 1.0 1.0 1.0 1.0 1.0 2.0 1.0 1.0 1.0 1.0 1.0 2.0 1.0 1.0 1.0 1.0 1.0 2.0 1.0 2.0  # A13 (Medium)
56.1 62.4 72.8 60 150 1.0 1.0 1.0 1.0 1.0 1.0 1.0 1.0 1.0 1.0 1.0 1.0 1.0 0.0 1.0 1.0 1.0 1.0 1.0 1.0 1.0 1.0 1.0 1.0 1.0 2.0 1.0 1.0 1.0 1.0 1.0 2.0 1.0 1.0 1.0 1.0 1.0 2.0 1.0 2.0  # A14 (Medium)
55.0 61.2 72.8 100 200 2.0 2.0 2.0 2.0 2.0 2.0 1.5 2.0 1.5 2.0 1.5 2.0 2.0 2.0 0.0 2.0 1.5 1.5 2.0 1.5 2.0 2.0 2.0 1.5 2.0 3.0 2.0 2.0 1.5 2.0 1.5 3.0 1.5 1.5 2.0 2.0 2.0 3.0 2.0 3.0  # A15 (Heavy)
70.7 73.6 85.6 60 150 1.0 1.0 1.0 1.0 1.0 1.0 1.0 1.0 1.0 1.0 1.0 1.0 1.0 1.0 1.0 0.0 1.0 1.0 1.0 1.0 1.0 1.0 1.0 1.0 1.0 2.0 1.0 1.0 1.0 1.0 1.0 2.0 1.0 1.0 1.0 1.0 1.0 2.0 1.0 2.0  # A16 (Medium)
96.3 102.2 115.0 100 200 2.0 2.0 2.0 2.0 2.0 2.0 1.5 2.0 1.5 2.0 1.5 2.0 2.0 2.0 1.5 2.0 0.0 1.5 2.0 1.5 2.0 2.0 2.0 1.5 2.0 3.0 2.0 2.0 1.5 2.0 1.5 3.0 1.5 1.5 2.0 2.0 2.0 3.0 2.0 3.0  # A17 (Heavy)
71.9 77.9 92.9 100 200 2.0 2.0 2.0 2.0 2.0 2.0 1.5 2.0 1.5 2.0 1.5 2.0 2.0 2.0 1.5 2.0 1.5 0.0 2.0 1.5 2.0 2.0 2.0 1.5 2.0 3.0 2.0 2.0 1.5 2.0 1.5 3.0 1.5 1.5 2.0 2.0 2.0 3.0 2.0 3.0  # A18 (Heavy)
66.5 71.2 79.5 60 150 1.0 1.0 1.0 1.0 1.0 1.0 1.0 1.0 1.0 1.0 1.0 1.0 1.0 1.0 1.0 1.0 1.0 1.0 0.0 1.0 1.0 1.0 1.0 1.0 1.0 2.0 1.0 1.0 1.0 1.0 1.0 2.0 1.0 1.0 1.0 1.0 1.0 2.0 1.0 2.0  # A19 (Medium)
58.7 66.1 75.7 100 200 2.0 2.0 2.0 2.0 2.0 2.0 1.5 2.0 1.5 2.0 1.5 2.0 2.0 2.0 1.5 2.0 1.5 1.5 2.0 0.0 2.0 2.0 2.0 1.5 2.0 3.0 2.0 2.0 1.5 2.0 1.5 3.0 1.5 1.5 2.0 2.0 2.0 3.0 2.0 3.0  # A20 (Heavy)
60.1 66.0 74.6 60 150 1.0 1.0 1.0 1.0 1.0 1.0 1.0 1.0 1.0 1.0 1.0 1.0 1.0 1.0 1.0 1.0 1.0 1.0 1.0 1.0 0.0 1.0 1.0 1.0 1.0 2.0 1.0 1.0 1.0 1.0 1.0 2.0 1.0 1.0 1.0 1.0 1.0 2.0 1.0 2.0  # A21 (Medium)
66.5 69.8 81.9 60 150 1.0 1.0 1.0 1.0 1.0 1.0 1.0 1.0 1.0 1.0 1.0 1.0 1.0 1.0 1.0 1.0 1.0 1.0 1.0 1.0 1.0 0.0 1.0 1.0 1.0 2.0 1.0 1.0 1.0 1.0 1.0 2.0 1.0 1.0 1.0 1.0 1.0 2.0 1.0 2.0  # A22 (Medium)
20.8 26.5 35.4 60 150 1.0 1.0 1.0 1.0 1.0 1.0 1.0 1.0 1.0 1.0 1.0 1.0 1.0 1.0 1.0 1.0 1.0 1.0 1.0 1.0 1.0 1.0 0.0 1.0 1.0 2.0 1.0 1.0 1.0 1.0 1.0 2.0 1.0 1.0 1.0 1.0 1.0 2.0 1.0 2.0  # A23 (Medium)
62.9 70.1 79.3 100 200 2.0 2.0 2.0 2.0 2.0 2.0 1.5 2.0 1.5 2.0 1.5 2.0 2.0 2.0 1.5 2.0 1.5 1.5 2.0 1.5 2.0 2.0 2.0 0.0 2.0 3.0 2.0 2.0 1.5 2.0 1.5 3.0 1.5 1.5 2.0 2.0 2.0 3.0 2.0 3.0  # A24 (Heavy)
85.5 91.3 100.3 60 150 1.0 1.0 1.0 1.0 1.0 1.0 1.0 1.0 1.0 1.0 1.0 1.0 1.0 1.0 1.0 1.0 1.0 1.0 1.0 1.0 1.0 1.0 1.0 1.0 0.0 2.0 1.0 1.0 1.0 1.0 1.0 2.0 1.0 1.0 1.0 1.0 1.0 2.0 1.0 2.0  # A25 (Medium)
60.3 62.4 70.6 30 80 1.0 1.0 1.0 1.0 1.0 1.0 1.0 1.0 1.0 1.0 1.0 1.0 1.0 1.0 1.0 1.0 1.0 1.0 1.0 1.0 1.0 1.0 1.0 1.0 1.0 0.0 1.0 1.0 1.0 1.0 1.0 1.0 1.0 1.0 1.0 1.0 1.0 1.0 1.0 1.0  # A26 (Light)
72.0 77.4 84.9 60 150 1.0 1.0 1.0 1.0 1.0 1.0 1.0 1.0 1.0 1.0 1.0 1.0 1.0 1.0 1.0 1.0 1.0 1.0 1.0 1.0 1.0 1.0 1.0 1.0 1.0 2.0 0.0 1.0 1.0 1.0 1.0 2.0 1.0 1.0 1.0 1.0 1.0 2.0 1.0 2.0  # A27 (Medium)
67.1 72.1 82.9 60 150 1.0 1.0 1.0 1.0 1.0 1.0 1.0 1.0 1.0 1.0 1.0 1.0 1.0 1.0 1.0 1.0 1.0 1.0 1.0 1.0 1.0 1.0 1.0 1.0 1.0 2.0 1.0 0.0 1.0 1.0 1.0 2.0 1.0 1.0 1.0 1.0 1.0 2.0 1.0 2.0  # A28 (Medium)
73.5 80.7 92.6 100 200 2.0 2.0 2.0 2.0 2.0 2.0 1.5 2.0 1.5 2.0 1.5 2.0 2.0 2.0 1.5 2.0 1.5 1.5 2.0 1.5 2.0 2.0 2.0 1.5 2.0 3.0 2.0 2.0 0.0 2.0 1.5 3.0 1.5 1.5 2.0 2.0 2.0 3.0 2.0 3.0  # A29 (Heavy)
69.6 77.2 83.3 60 150 1.0 1.0 1.0 1.0 1.0 1.0 1.0 1.0 1.0 1.0 1.0 1.0 1.0 1.0 1.0 1.0 1.0 1.0 1.0 1.0 1.0 1.0 1.0 1.0 1.0 2.0 1.0 1.0 1.0 0.0 1.0 2.0 1.0 1.0 1.0 1.0 1.0 2.0 1.0 2.0  # A30 (Medium)
23.0 27.6 44.2 100 200 2.0 2.0 2.0 2.0 2.0 2.0 1.5 2.0 1.5 2.0 1.5 2.0 2.0 2.0 1.5 2.0 1.5 1.5 2.0 1.5 2.0 2.0 2.0 1.5 2.0 3.0 2.0 2.0 1.5 2.0 0.0 3.0 1.5 1.5 2.0 2.0 2.0 3.0 2.0 3.0  # A31 (Heavy)
1.9 3.8 13.1 30 80 1.0 1.0 1.0 1.0 1.0 1.0 1.0 1.0 1.0 1.0 1.0 1.0 1.0 1.0 1.0 1.0 1.0 1.0 1.0 1.0 1.0 1.0 1.0 1.0 1.0 1.0 1.0 1.0 1.0 1.0 1.0 0.0 1.0 1.0 1.0 1.0 1.0 1.0 1.0 1.0  # A32 (Light)
71.5 78.3 93.2 100 200 2.0 2.0 2.0 2.0 2.0 2.0 1.5 2.0 1.5 2.0 1.5 2.0 2.0 2.0 1.5 2.0 1.5 1.5 2.0 1.5 2.0 2.0 2.0 1.5 2.0 3.0 2.0 2.0 1.5 2.0 1.5 3.0 0.0 1.5 2.0 2.0 2.0 3.0 2.0 3.0  # A33 (Heavy)
68.5 71.7 83.8 100 200 2.0 2.0 2.0 2.0 2.0 2.0 1.5 2.0 1.5 2.0 1.5 2.0 2.0 2.0 1.5 2.0 1.5 1.5 2.0 1.5 2.0 2.0 2.0 1.5 2.0 3.0 2.0 2.0 1.5 2.0 1.5 3.0 1.5 0.0 2.0 2.0 2.0 3.0 2.0 3.0  # A34 (Heavy)
42.2 45.3 55.5 60 150 1.0 1.0 1.0 1.0 1.0 1.0 1.0 1.0 1.0 1.0 1.0 1.0 1.0 1.0 1.0 1.0 1.0 1.0 1.0 1.0 1.0 1.0 1.0 1.0 1.0 2.0 1.0 1.0 1.0 1.0 1.0 2.0 1.0 1.0 0.0 1.0 1.0 2.0 1.0 2.0  # A35 (Medium)
59.6 64.9 72.9 60 150 1.0 1.0 1.0 1.0 1.0 1.0 1.0 1.0 1.0 1.0 1.0 1.0 1.0 1.0 1.0 1.0 1.0 1.0 1.0 1.0 1.0 1.0 1.0 1.0 1.0 2.0 1.0 1.0 1.0 1.0 1.0 2.0 1.0 1.0 1.0 0.0 1.0 2.0 1.0 2.0  # A36 (Medium)
59.8 66.7 73.3 60 150 1.0 1.0 1.0 1.0 1.0 1.0 1.0 1.0 1.0 1.0 1.0 1.0 1.0 1.0 1.0 1.0 1.0 1.0 1.0 1.0 1.0 1.0 1.0 1.0 1.0 2.0 1.0 1.0 1.0 1.0 1.0 2.0 1.0 1.0 1.0 1.0 0.0 2.0 1.0 2.0  # A37 (Medium)
65.9 71.1 78.1 30 80 1.0 1.0 1.0 1.0 1.0 1.0 1.0 1.0 1.0 1.0 1.0 1.0 1.0 1.0 1.0 1.0 1.0 1.0 1.0 1.0 1.0 1.0 1.0 1.0 1.0 1.0 1.0 1.0 1.0 1.0 1.0 1.0 1.0 1.0 1.0 1.0 1.0 0.0 1.0 1.0  # A38 (Light)
109.8 115.3 125.2 60 150 1.0 1.0 1.0 1.0 1.0 1.0 1.0 1.0 1.0 1.0 1.0 1.0 1.0 1.0 1.0 1.0 1.0 1.0 1.0 1.0 1.0 1.0 1.0 1.0 1.0 2.0 1.0 1.0 1.0 1.0 1.0 2.0 1.0 1.0 1.0 1.0 1.0 2.0 0.0 2.0  # A39 (Medium)
70.2 76.0 84.4 30 80 1.0 1.0 1.0 1.0 1.0 1.0 1.0 1.0 1.0 1.0 1.0 1.0 1.0 1.0 1.0 1.0 1.0 1.0 1.0 1.0 1.0 1.0 1.0 1.0 1.0 1.0 1.0 1.0 1.0 1.0 1.0 1.0 1.0 1.0 1.0 1.0 1.0 1.0 1.0 0.0  # A40 (Light)
