# Schiphol Airport Landing Scenario - sensitivity_a30_r1
# Realistic evening rush hour (18:00-20:00)
# 30 aircraft, 1 runway(s)
# Aircraft mix: 9 Heavy, 18 Medium, 3 Light
# Time unit: MINUTES from 18:00 (base time)
# Costs: EUR per MINUTE early/late
# Separation: Based on ICAO wake turbulence categories
#
# Format: num_aircraft freeze_time
# For each aircraft: appearance_time target_time latest_time early_penalty late_penalty sep_1 sep_2 ... sep_n
# Aircraft types (in order): H M M M H H M M M H M M M H H H M H L M M L L M H M M M M M
30 0.0
58.6 64.5 75.0 100 200 0.0 2.0 2.0 2.0 1.5 1.5 2.0 2.0 2.0 1.5 2.0 2.0 2.0 1.5 1.5 1.5 2.0 1.5 3.0 2.0 2.0 3.0 3.0 2.0 1.5 2.0 2.0 2.0 2.0 2.0  # A1 (Heavy)
58.0 62.4 73.5 60 150 1.0 0.0 1.0 1.0 1.0 1.0 1.0 1.0 1.0 1.0 1.0 1.0 1.0 1.0 1.0 1.0 1.0 1.0 2.0 1.0 1.0 2.0 2.0 1.0 1.0 1.0 1.0 1.0 1.0 1.0  # A2 (Medium)
44.1 50.3 57.6 60 150 1.0 1.0 0.0 1.0 1.0 1.0 1.0 1.0 1.0 1.0 1.0 1.0 1.0 1.0 1.0 1.0 1.0 1.0 2.0 1.0 1.0 2.0 2.0 1.0 1.0 1.0 1.0 1.0 1.0 1.0  # A3 (Medium)
84.6 88.6 97.5 60 150 1.0 1.0 1.0 0.0 1.0 1.0 1.0 1.0 1.0 1.0 1.0 1.0 1.0 1.0 1.0 1.0 1.0 1.0 2.0 1.0 1.0 2.0 2.0 1.0 1.0 1.0 1.0 1.0 1.0 1.0  # A4 (Medium)
12.5 18.7 31.8 100 200 1.5 2.0 2.0 2.0 0.0 1.5 2.0 2.0 2.0 1.5 2.0 2.0 2.0 1.5 1.5 1.5 2.0 1.5 3.0 2.0 2.0 3.0 3.0 2.0 1.5 2.0 2.0 2.0 2.0 2.0  # A5 (Heavy)
45.9 52.8 64.4 100 200 1.5 2.0 2.0 2.0 1.5 0.0 2.0 2.0 2.0 1.5 2.0 2.0 2.0 1.5 1.5 1.5 2.0 1.5 3.0 2.0 2.0 3.0 3.0 2.0 1.5 2.0 2.0 2.0 2.0 2.0  # A6 (Heavy)
84.6 88.7 100.0 60 150 1.0 1.0 1.0 1.0 1.0 1.0 0.0 1.0 1.0 1.0 1.0 1.0 1.0 1.0 1.0 1.0 1.0 1.0 2.0 1.0 1.0 2.0 2.0 1.0 1.0 1.0 1.0 1.0 1.0 1.0  # A7 (Medium)
42.2 45.9 55.8 60 150 1.0 1.0 1.0 1.0 1.0 1.0 1.0 0.0 1.0 1.0 1.0 1.0 1.0 1.0 1.0 1.0 1.0 1.0 2.0 1.0 1.0 2.0 2.0 1.0 1.0 1.0 1.0 1.0 1.0 1.0  # A8 (Medium)
75.7 83.2 92.5 60 150 1.0 1.0 1.0 1.0 1.0 1.0 1.0 1.0 0.0 1.0 1.0 1.0 1.0 1.0 1.0 1.0 1.0 1.0 2.0 1.0 1.0 2.0 2.0 1.0 1.0 1.0 1.0 1.0 1.0 1.0  # A9 (Medium)
9.4 16.1 28.9 100 200 1.5 2.0 2.0 2.0 1.5 1.5 2.0 2.0 2.0 0.0 2.0 2.0 2.0 1.5 1.5 1.5 2.0 1.5 3.0 2.0 2.0 3.0 3.0 2.0 1.5 2.0 2.0 2.0 2.0 2.0  # A10 (Heavy)
73.1 77.1 89.1 60 150 1.0 1.0 1.0 1.0 1.0 1.0 1.0 1.0 1.0 1.0 0.0 1.0 1.0 1.0 1.0 1.0 1.0 1.0 2.0 1.0 1.0 2.0 2.0 1.0 1.0 1.0 1.0 1.0 1.0 1.0  # A11 (Medium)
61.8 66.9 77.0 60 150 1.0 1.0 1.0 1.0 1.0 1.0 1.0 1.0 1.0 1.0 1.0 0.0 1.0 1.0 1.0 1.0 1.0 1.0 2.0 1.0 1.0 2.0 2.0 1.0 1.0 1.0 1.0 1.0 1.0 1.0  # A12 (Medium)
71.9 77.7 87.1 60 150 1.0 1.0 1.0 1.0 1.0 1.0 1.0 1.0 1.0 1.0 1.0 1.0 0.0 1.0 1.0 1.0 1.0 1.0 2.0 1.0 1.0 2.0 2.0 1.0 1.0 1.0 1.0 1.0 1.0 1.0  # A13 (Medium)
74.4 83.2 95.5 100 200 1.5 2.0 2.0 2.0 1.5 1.5 2.0 2.0 2.0 1.5 2.0 2.0 2.0 0.0 1.5 1.5 2.0 1.5 3.0 2.0 2.0 3.0 3.0 2.0 1.5 2.0 2.0 2.0 2.0 2.0  # A14 (Heavy)
111.4 118.6 132.7 100 200 1.5 2.0 2.0 2.0 1.5 1.5 2.0 2.0 2.0 1.5 2.0 2.0 2.0 1.5 0.0 1.5 2.0 1.5 3.0 2.0 2.0 3.0 3.0 2.0 1.5 2.0 2.0 2.0 2.0 2.0  # A15 (Heavy)
71.0 80.4 90.6 100 200 1.5 2.0 2.0 2.0 1.5 1.5 2.0 2.0 2.0 1.5 2.0 2.0 2.0 1.5 1.5 0.0 2.0 1.5 3.0 2.0 2.0 3.0 3.0 2.0 1.5 2.0 2.0 2.0 2.0 2.0  # A16 (Heavy)
68.8 73.7 82.7 60 150 1.0 1.0 1.0 1.0 1.0 1.0 1.0 1.0 1.0 1.0 1.0 1.0 1.0 1.0 1.0 1.0 0.0 1.0 2.0 1.0 1.0 2.0 2.0 1.0 1.0 1.0 1.0 1.0 1.0 1.0  # A17 (Medium)
72.5 81.0 90.6 100 200 1.5 2.0 2.0 2.0 1.5 1.5 2.0 2.0 2.0 1.5 2.0 2.0 2.0 1.5 1.5 1.5 2.0 0.0 3.0 2.0 2.0 3.0 3.0 2.0 1.5 2.0 2.0 2.0 2.0 2.0  # A18 (Heavy)
77.2 82.9 89.3 30 80 1.0 1.0 1.0 1.0 1.0 1.0 1.0 1.0 1.0 1.0 1.0 1.0 1.0 1.0 1.0 1.0 1.0 1.0 0.0 1.0 1.0 1.0 1.0 1.0 1.0 1.0 1.0 1.0 1.0 1.0  # A19 (Light)
82.4 87.5 97.4 60 150 1.0 1.0 1.0 1.0 1.0 1.0 1.0 1.0 1.0 1.0 1.0 1.0 1.0 1.0 1.0 1.0 1.0 1.0 2.0 0.0 1.0 2.0 2.0 1.0 1.0 1.0 1.0 1.0 1.0 1.0  # A20 (Medium)
65.9 71.9 80.9 60 150 1.0 1.0 1.0 1.0 1.0 1.0 1.0 1.0 1.0 1.0 1.0 1.0 1.0 1.0 1.0 1.0 1.0 1.0 2.0 1.0 0.0 2.0 2.0 1.0 1.0 1.0 1.0 1.0 1.0 1.0  # A21 (Medium)
83.9 88.4 93.6 30 80 1.0 1.0 1.0 1.0 1.0 1.0 1.0 1.0 1.0 1.0 1.0 1.0 1.0 1.0 1.0 1.0 1.0 1.0 1.0 1.0 1.0 0.0 1.0 1.0 1.0 1.0 1.0 1.0 1.0 1.0  # A22 (Light)
65.9 69.9 77.7 30 80 1.0 1.0 1.0 1.0 1.0 1.0 1.0 1.0 1.0 1.0 1.0 1.0 1.0 1.0 1.0 1.0 1.0 1.0 1.0 1.0 1.0 1.0 0.0 1.0 1.0 1.0 1.0 1.0 1.0 1.0  # A23 (Light)
14.4 21.7 28.6 60 150 1.0 1.0 1.0 1.0 1.0 1.0 1.0 1.0 1.0 1.0 1.0 1.0 1.0 1.0 1.0 1.0 1.0 1.0 2.0 1.0 1.0 2.0 2.0 0.0 1.0 1.0 1.0 1.0 1.0 1.0  # A24 (Medium)
58.4 68.3 79.6 100 200 1.5 2.0 2.0 2.0 1.5 1.5 2.0 2.0 2.0 1.5 2.0 2.0 2.0 1.5 1.5 1.5 2.0 1.5 3.0 2.0 2.0 3.0 3.0 2.0 0.0 2.0 2.0 2.0 2.0 2.0  # A25 (Heavy)
75.0 79.9 91.4 60 150 1.0 1.0 1.0 1.0 1.0 1.0 1.0 1.0 1.0 1.0 1.0 1.0 1.0 1.0 1.0 1.0 1.0 1.0 2.0 1.0 1.0 2.0 2.0 1.0 1.0 0.0 1.0 1.0 1.0 1.0  # A26 (Medium)
71.2 74.5 86.6 60 150 1.0 1.0 1.0 1.0 1.0 1.0 1.0 1.0 1.0 1.0 1.0 1.0 1.0 1.0 1.0 1.0 1.0 1.0 2.0 1.0 1.0 2.0 2.0 1.0 1.0 1.0 0.0 1.0 1.0 1.0  # A27 (Medium)
77.3 82.8 92.3 60 150 1.0 1.0 1.0 1.0 1.0 1.0 1.0 1.0 1.0 1.0 1.0 1.0 1.0 1.0 1.0 1.0 1.0 1.0 2.0 1.0 1.0 2.0 2.0 1.0 1.0 1.0 1.0 0.0 1.0 1.0  # A28 (Medium)
66.1 70.8 81.8 60 150 1.0 1.0 1.0 1.0 1.0 1.0 1.0 1.0 1.0 1.0 1.0 1.0 1.0 1.0 1.0 1.0 1.0 1.0 2.0 1.0 1.0 2.0 2.0 1.0 1.0 1.0 1.0 1.0 0.0 1.0  # A29 (Medium)
87.4 93.0 103.6 60 150 1.0 1.0 1.0 1.0 1.0 1.0 1.0 1.0 1.0 1.0 1.0 1.0 1.0 1.0 1.0 1.0 1.0 1.0 2.0 1.0 1.0 2.0 2.0 1.0 1.0 1.0 1.0 1.0 1.0 0.0  # A30 (Medium)
