# Schiphol Airport Landing Scenario - sensitivity_a50_r4
# Realistic evening rush hour (18:00-20:00)
# 50 aircraft, 4 runway(s)
# Aircraft mix: 15 Heavy, 30 Medium, 5 Light
# Time unit: MINUTES from 18:00 (base time)
# Costs: EUR per MINUTE early/late
# Separation: Based on ICAO wake turbulence categories
#
# Format: num_aircraft freeze_time
# For each aircraft: appearance_time target_time latest_time early_penalty late_penalty sep_1 sep_2 ... sep_n
# Aircraft types (in order): M M M M H M H M L M M M L L M H M H M M H M H M M M H H M L H H H H M M M M M M H H M L H M M M M M
50 0.0
69.4 75.8 84.5 60 150 0.0 1.0 1.0 1.0 1.0 1.0 1.0 1.0 2.0 1.0 1.0 1.0 2.0 2.0 1.0 1.0 1.0 1.0 1.0 1.0 1.0 1.0 1.0 1.0 1.0 1.0 1.0 1.0 1.0 2.0 1.0 1.0 1.0 1.0 1.0 1.0 1.0 1.0 1.0 1.0 1.0 1.0 1.0 2.0 1.0 1.0 1.0 1.0 1.0 1.0  # A1 (Medium)
32.0 37.7 45.3 60 150 1.0 0.0 1.0 1.0 1.0 1.0 1.0 1.0 2.0 1.0 1.0 1.0 2.0 2.0 1.0 1.0 1.0 1.0 1.0 1.0 1.0 1.0 1.0 1.0 1.0 1.0 1.0 1.0 1.0 2.0 1.0 1.0 1.0 1.0 1.0 1.0 1.0 1.0 1.0 1.0 1.0 1.0 1.0 2.0 1.0 1.0 1.0 1.0 1.0 1.0  # A2 (Medium)
83.0 85.9 97.0 60 150 1.0 1.0 0.0 1.0 1.0 1.0 1.0 1.0 2.0 1.0 1.0 1.0 2.0 2.0 1.0 1.0 1.0 1.0 1.0 1.0 1.0 1.0 1.0 1.0 1.0 1.0 1.0 1.0 1.0 2.0 1.0 1.0 1.0 1.0 1.0 1.0 1.0 1.0 1.0 1.0 1.0 1.0 1.0 2.0 1.0 1.0 1.0 1.0 1.0 1.0  # A3 (Medium)
43.3 47.8 57.4 60 150 1.0 1.0 1.0 0.0 1.0 1.0 1.0 1.0 2.0 1.0 1.0 1.0 2.0 2.0 1.0 1.0 1.0 1.0 1.0 1.0 1.0 1.0 1.0 1.0 1.0 1.0 1.0 1.0 1.0 2.0 1.0 1.0 1.0 1.0 1.0 1.0 1.0 1.0 1.0 1.0 1.0 1.0 1.0 2.0 1.0 1.0 1.0 1.0 1.0 1.0  # A4 (Medium)
0.0 2.2 11.1 100 200 2.0 2.0 2.0 2.0 0.0 2.0 1.5 2.0 3.0 2.0 2.0 2.0 3.0 3.0 2.0 1.5 2.0 1.5 2.0 2.0 1.5 2.0 1.5 2.0 2.0 2.0 1.5 1.5 2.0 3.0 1.5 1.5 1.5 1.5 2.0 2.0 2.0 2.0 2.0 2.0 1.5 1.5 2.0 3.0 1.5 2.0 2.0 2.0 2.0 2.0  # A5 (Heavy)
15.6 19.3 30.1 60 150 1.0 1.0 1.0 1.0 1.0 0.0 1.0 1.0 2.0 1.0 1.0 1.0 2.0 2.0 1.0 1.0 1.0 1.0 1.0 1.0 1.0 1.0 1.0 1.0 1.0 1.0 1.0 1.0 1.0 2.0 1.0 1.0 1.0 1.0 1.0 1.0 1.0 1.0 1.0 1.0 1.0 1.0 1.0 2.0 1.0 1.0 1.0 1.0 1.0 1.0  # A6 (Medium)
50.0 54.6 66.2 100 200 2.0 2.0 2.0 2.0 1.5 2.0 0.0 2.0 3.0 2.0 2.0 2.0 3.0 3.0 2.0 1.5 2.0 1.5 2.0 2.0 1.5 2.0 1.5 2.0 2.0 2.0 1.5 1.5 2.0 3.0 1.5 1.5 1.5 1.5 2.0 2.0 2.0 2.0 2.0 2.0 1.5 1.5 2.0 3.0 1.5 2.0 2.0 2.0 2.0 2.0  # A7 (Heavy)
83.6 86.4 99.3 60 150 1.0 1.0 1.0 1.0 1.0 1.0 1.0 0.0 2.0 1.0 1.0 1.0 2.0 2.0 1.0 1.0 1.0 1.0 1.0 1.0 1.0 1.0 1.0 1.0 1.0 1.0 1.0 1.0 1.0 2.0 1.0 1.0 1.0 1.0 1.0 1.0 1.0 1.0 1.0 1.0 1.0 1.0 1.0 2.0 1.0 1.0 1.0 1.0 1.0 1.0  # A8 (Medium)
71.2 74.6 84.6 30 80 1.0 1.0 1.0 1.0 1.0 1.0 1.0 1.0 0.0 1.0 1.0 1.0 1.0 1.0 1.0 1.0 1.0 1.0 1.0 1.0 1.0 1.0 1.0 1.0 1.0 1.0 1.0 1.0 1.0 1.0 1.0 1.0 1.0 1.0 1.0 1.0 1.0 1.0 1.0 1.0 1.0 1.0 1.0 1.0 1.0 1.0 1.0 1.0 1.0 1.0  # A9 (Light)
92.0 96.7 108.1 60 150 1.0 1.0 1.0 1.0 1.0 1.0 1.0 1.0 2.0 0.0 1.0 1.0 2.0 2.0 1.0 1.0 1.0 1.0 1.0 1.0 1.0 1.0 1.0 1.0 1.0 1.0 1.0 1.0 1.0 2.0 1.0 1.0 1.0 1.0 1.0 1.0 1.0 1.0 1.0 1.0 1.0 1.0 1.0 2.0 1.0 1.0 1.0 1.0 1.0 1.0  # A10 (Medium)
2.6 9.0 19.0 60 150 1.0 1.0 1.0 1.0 1.0 1.0 1.0 1.0 2.0 1.0 0.0 1.0 2.0 2.0 1.0 1.0 1.0 1.0 1.0 1.0 1.0 1.0 1.0 1.0 1.0 1.0 1.0 1.0 1.0 2.0 1.0 1.0 1.0 1.0 1.0 1.0 1.0 1.0 1.0 1.0 1.0 1.0 1.0 2.0 1.0 1.0 1.0 1.0 1.0 1.0  # A11 (Medium)
97.0 104.0 110.6 60 150 1.0 1.0 1.0 1.0 1.0 1.0 1.0 1.0 2.0 1.0 1.0 0.0 2.0 2.0 1.0 1.0 1.0 1.0 1.0 1.0 1.0 1.0 1.0 1.0 1.0 1.0 1.0 1.0 1.0 2.0 1.0 1.0 1.0 1.0 1.0 1.0 1.0 1.0 1.0 1.0 1.0 1.0 1.0 2.0 1.0 1.0 1.0 1.0 1.0 1.0  # A12 (Medium)
56.6 58.8 69.3 30 80 1.0 1.0 1.0 1.0 1.0 1.0 1.0 1.0 1.0 1.0 1.0 1.0 0.0 1.0 1.0 1.0 1.0 1.0 1.0 1.0 1.0 1.0 1.0 1.0 1.0 1.0 1.0 1.0 1.0 1.0 1.0 1.0 1.0 1.0 1.0 1.0 1.0 1.0 1.0 1.0 1.0 1.0 1.0 1.0 1.0 1.0 1.0 1.0 1.0 1.0  # A13 (Light)
61.3 64.7 74.6 30 80 1.0 1.0 1.0 1.0 1.0 1.0 1.0 1.0 1.0 1.0 1.0 1.0 1.0 0.0 1.0 1.0 1.0 1.0 1.0 1.0 1.0 1.0 1.0 1.0 1.0 1.0 1.0 1.0 1.0 1.0 1.0 1.0 1.0 1.0 1.0 1.0 1.0 1.0 1.0 1.0 1.0 1.0 1.0 1.0 1.0 1.0 1.0 1.0 1.0 1.0  # A14 (Light)
56.6 61.0 72.2 60 150 1.0 1.0 1.0 1.0 1.0 1.0 1.0 1.0 2.0 1.0 1.0 1.0 2.0 2.0 0.0 1.0 1.0 1.0 1.0 1.0 1.0 1.0 1.0 1.0 1.0 1.0 1.0 1.0 1.0 2.0 1.0 1.0 1.0 1.0 1.0 1.0 1.0 1.0 1.0 1.0 1.0 1.0 1.0 2.0 1.0 1.0 1.0 1.0 1.0 1.0  # A15 (Medium)
61.6 67.2 83.3 100 200 2.0 2.0 2.0 2.0 1.5 2.0 1.5 2.0 3.0 2.0 2.0 2.0 3.0 3.0 2.0 0.0 2.0 1.5 2.0 2.0 1.5 2.0 1.5 2.0 2.0 2.0 1.5 1.5 2.0 3.0 1.5 1.5 1.5 1.5 2.0 2.0 2.0 2.0 2.0 2.0 1.5 1.5 2.0 3.0 1.5 2.0 2.0 2.0 2.0 2.0  # A16 (Heavy)
26.3 31.7 41.9 60 150 1.0 1.0 1.0 1.0 1.0 1.0 1.0 1.0 2.0 1.0 1.0 1.0 2.0 2.0 1.0 1.0 0.0 1.0 1.0 1.0 1.0 1.0 1.0 1.0 1.0 1.0 1.0 1.0 1.0 2.0 1.0 1.0 1.0 1.0 1.0 1.0 1.0 1.0 1.0 1.0 1.0 1.0 1.0 2.0 1.0 1.0 1.0 1.0 1.0 1.0  # A17 (Medium)
111.2 118.3 130.3 100 200 2.0 2.0 2.0 2.0 1.5 2.0 1.5 2.0 3.0 2.0 2.0 2.0 3.0 3.0 2.0 1.5 2.0 0.0 2.0 2.0 1.5 2.0 1.5 2.0 2.0 2.0 1.5 1.5 2.0 3.0 1.5 1.5 1.5 1.5 2.0 2.0 2.0 2.0 2.0 2.0 1.5 1.5 2.0 3.0 1.5 2.0 2.0 2.0 2.0 2.0  # A18 (Heavy)
80.0 84.1 97.4 60 150 1.0 1.0 1.0 1.0 1.0 1.0 1.0 1.0 2.0 1.0 1.0 1.0 2.0 2.0 1.0 1.0 1.0 1.0 0.0 1.0 1.0 1.0 1.0 1.0 1.0 1.0 1.0 1.0 1.0 2.0 1.0 1.0 1.0 1.0 1.0 1.0 1.0 1.0 1.0 1.0 1.0 1.0 1.0 2.0 1.0 1.0 1.0 1.0 1.0 1.0  # A19 (Medium)
13.1 18.5 26.7 60 150 1.0 1.0 1.0 1.0 1.0 1.0 1.0 1.0 2.0 1.0 1.0 1.0 2.0 2.0 1.0 1.0 1.0 1.0 1.0 0.0 1.0 1.0 1.0 1.0 1.0 1.0 1.0 1.0 1.0 2.0 1.0 1.0 1.0 1.0 1.0 1.0 1.0 1.0 1.0 1.0 1.0 1.0 1.0 2.0 1.0 1.0 1.0 1.0 1.0 1.0  # A20 (Medium)
61.4 68.7 81.1 100 200 2.0 2.0 2.0 2.0 1.5 2.0 1.5 2.0 3.0 2.0 2.0 2.0 3.0 3.0 2.0 1.5 2.0 1.5 2.0 2.0 0.0 2.0 1.5 2.0 2.0 2.0 1.5 1.5 2.0 3.0 1.5 1.5 1.5 1.5 2.0 2.0 2.0 2.0 2.0 2.0 1.5 1.5 2.0 3.0 1.5 2.0 2.0 2.0 2.0 2.0  # A21 (Heavy)
84.9 89.3 100.6 60 150 1.0 1.0 1.0 1.0 1.0 1.0 1.0 1.0 2.0 1.0 1.0 1.0 2.0 2.0 1.0 1.0 1.0 1.0 1.0 1.0 1.0 0.0 1.0 1.0 1.0 1.0 1.0 1.0 1.0 2.0 1.0 1.0 1.0 1.0 1.0 1.0 1.0 1.0 1.0 1.0 1.0 1.0 1.0 2.0 1.0 1.0 1.0 1.0 1.0 1.0  # A22 (Medium)
65.5 70.2 83.3 100 200 2.0 2.0 2.0 2.0 1.5 2.0 1.5 2.0 3.0 2.0 2.0 2.0 3.0 3.0 2.0 1.5 2.0 1.5 2.0 2.0 1.5 2.0 0.0 2.0 2.0 2.0 1.5 1.5 2.0 3.0 1.5 1.5 1.5 1.5 2.0 2.0 2.0 2.0 2.0 2.0 1.5 1.5 2.0 3.0 1.5 2.0 2.0 2.0 2.0 2.0  # A23 (Heavy)
11.8 18.9 25.9 60 150 1.0 1.0 1.0 1.0 1.0 1.0 1.0 1.0 2.0 1.0 1.0 1.0 2.0 2.0 1.0 1.0 1.0 1.0 1.0 1.0 1.0 1.0 1.0 0.0 1.0 1.0 1.0 1.0 1.0 2.0 1.0 1.0 1.0 1.0 1.0 1.0 1.0 1.0 1.0 1.0 1.0 1.0 1.0 2.0 1.0 1.0 1.0 1.0 1.0 1.0  # A24 (Medium)
75.3 81.6 89.1 60 150 1.0 1.0 1.0 1.0 1.0 1.0 1.0 1.0 2.0 1.0 1.0 1.0 2.0 2.0 1.0 1.0 1.0 1.0 1.0 1.0 1.0 1.0 1.0 1.0 0.0 1.0 1.0 1.0 1.0 2.0 1.0 1.0 1.0 1.0 1.0 1.0 1.0 1.0 1.0 1.0 1.0 1.0 1.0 2.0 1.0 1.0 1.0 1.0 1.0 1.0  # A25 (Medium)
78.8 83.2 95.7 60 150 1.0 1.0 1.0 1.0 1.0 1.0 1.0 1.0 2.0 1.0 1.0 1.0 2.0 2.0 1.0 1.0 1.0 1.0 1.0 1.0 1.0 1.0 1.0 1.0 1.0 0.0 1.0 1.0 1.0 2.0 1.0 1.0 1.0 1.0 1.0 1.0 1.0 1.0 1.0 1.0 1.0 1.0 1.0 2.0 1.0 1.0 1.0 1.0 1.0 1.0  # A26 (Medium)
77.3 83.9 97.5 100 200 2.0 2.0 2.0 2.0 1.5 2.0 1.5 2.0 3.0 2.0 2.0 2.0 3.0 3.0 2.0 1.5 2.0 1.5 2.0 2.0 1.5 2.0 1.5 2.0 2.0 2.0 0.0 1.5 2.0 3.0 1.5 1.5 1.5 1.5 2.0 2.0 2.0 2.0 2.0 2.0 1.5 1.5 2.0 3.0 1.5 2.0 2.0 2.0 2.0 2.0  # A27 (Heavy)
76.6 82.2 97.6 100 200 2.0 2.0 2.0 2.0 1.5 2.0 1.5 2.0 3.0 2.0 2.0 2.0 3.0 3.0 2.0 1.5 2.0 1.5 2.0 2.0 1.5 2.0 1.5 2.0 2.0 2.0 1.5 0.0 2.0 3.0 1.5 1.5 1.5 1.5 2.0 2.0 2.0 2.0 2.0 2.0 1.5 1.5 2.0 3.0 1.5 2.0 2.0 2.0 2.0 2.0  # A28 (Heavy)
49.4 53.8 62.3 60 150 1.0 1.0 1.0 1.0 1.0 1.0 1.0 1.0 2.0 1.0 1.0 1.0 2.0 2.0 1.0 1.0 1.0 1.0 1.0 1.0 1.0 1.0 1.0 1.0 1.0 1.0 1.0 1.0 0.0 2.0 1.0 1.0 1.0 1.0 1.0 1.0 1.0 1.0 1.0 1.0 1.0 1.0 1.0 2.0 1.0 1.0 1.0 1.0 1.0 1.0  # A29 (Medium)
57.5 62.3 68.9 30 80 1.0 1.0 1.0 1.0 1.0 1.0 1.0 1.0 1.0 1.0 1.0 1.0 1.0 1.0 1.0 1.0 1.0 1.0 1.0 1.0 1.0 1.0 1.0 1.0 1.0 1.0 1.0 1.0 1.0 0.0 1.0 1.0 1.0 1.0 1.0 1.0 1.0 1.0 1.0 1.0 1.0 1.0 1.0 1.0 1.0 1.0 1.0 1.0 1.0 1.0  # A30 (Light)
68.4 72.1 88.3 100 200 2.0 2.0 2.0 2.0 1.5 2.0 1.5 2.0 3.0 2.0 2.0 2.0 3.0 3.0 2.0 1.5 2.0 1.5 2.0 2.0 1.5 2.0 1.5 2.0 2.0 2.0 1.5 1.5 2.0 3.0 0.0 1.5 1.5 1.5 2.0 2.0 2.0 2.0 2.0 2.0 1.5 1.5 2.0 3.0 1.5 2.0 2.0 2.0 2.0 2.0  # A31 (Heavy)
1.2 6.0 20.6 100 200 2.0 2.0 2.0 2.0 1.5 2.0 1.5 2.0 3.0 2.0 2.0 2.0 3.0 3.0 2.0 1.5 2.0 1.5 2.0 2.0 1.5 2.0 1.5 2.0 2.0 2.0 1.5 1.5 2.0 3.0 1.5 0.0 1.5 1.5 2.0 2.0 2.0 2.0 2.0 2.0 1.5 1.5 2.0 3.0 1.5 2.0 2.0 2.0 2.0 2.0  # A32 (Heavy)
8.7 17.4 30.3 100 200 2.0 2.0 2.0 2.0 1.5 2.0 1.5 2.0 3.0 2.0 2.0 2.0 3.0 3.0 2.0 1.5 2.0 1.5 2.0 2.0 1.5 2.0 1.5 2.0 2.0 2.0 1.5 1.5 2.0 3.0 1.5 1.5 0.0 1.5 2.0 2.0 2.0 2.0 2.0 2.0 1.5 1.5 2.0 3.0 1.5 2.0 2.0 2.0 2.0 2.0  # A33 (Heavy)
74.0 79.9 92.6 100 200 2.0 2.0 2.0 2.0 1.5 2.0 1.5 2.0 3.0 2.0 2.0 2.0 3.0 3.0 2.0 1.5 2.0 1.5 2.0 2.0 1.5 2.0 1.5 2.0 2.0 2.0 1.5 1.5 2.0 3.0 1.5 1.5 1.5 0.0 2.0 2.0 2.0 2.0 2.0 2.0 1.5 1.5 2.0 3.0 1.5 2.0 2.0 2.0 2.0 2.0  # A34 (Heavy)
77.0 83.2 91.3 60 150 1.0 1.0 1.0 1.0 1.0 1.0 1.0 1.0 2.0 1.0 1.0 1.0 2.0 2.0 1.0 1.0 1.0 1.0 1.0 1.0 1.0 1.0 1.0 1.0 1.0 1.0 1.0 1.0 1.0 2.0 1.0 1.0 1.0 1.0 0.0 1.0 1.0 1.0 1.0 1.0 1.0 1.0 1.0 2.0 1.0 1.0 1.0 1.0 1.0 1.0  # A35 (Medium)
78.8 83.9 93.5 60 150 1.0 1.0 1.0 1.0 1.0 1.0 1.0 1.0 2.0 1.0 1.0 1.0 2.0 2.0 1.0 1.0 1.0 1.0 1.0 1.0 1.0 1.0 1.0 1.0 1.0 1.0 1.0 1.0 1.0 2.0 1.0 1.0 1.0 1.0 1.0 0.0 1.0 1.0 1.0 1.0 1.0 1.0 1.0 2.0 1.0 1.0 1.0 1.0 1.0 1.0  # A36 (Medium)
81.4 86.9 99.1 60 150 1.0 1.0 1.0 1.0 1.0 1.0 1.0 1.0 2.0 1.0 1.0 1.0 2.0 2.0 1.0 1.0 1.0 1.0 1.0 1.0 1.0 1.0 1.0 1.0 1.0 1.0 1.0 1.0 1.0 2.0 1.0 1.0 1.0 1.0 1.0 1.0 0.0 1.0 1.0 1.0 1.0 1.0 1.0 2.0 1.0 1.0 1.0 1.0 1.0 1.0  # A37 (Medium)
8.9 15.5 24.1 60 150 1.0 1.0 1.0 1.0 1.0 1.0 1.0 1.0 2.0 1.0 1.0 1.0 2.0 2.0 1.0 1.0 1.0 1.0 1.0 1.0 1.0 1.0 1.0 1.0 1.0 1.0 1.0 1.0 1.0 2.0 1.0 1.0 1.0 1.0 1.0 1.0 1.0 0.0 1.0 1.0 1.0 1.0 1.0 2.0 1.0 1.0 1.0 1.0 1.0 1.0  # A38 (Medium)
70.6 74.8 86.9 60 150 1.0 1.0 1.0 1.0 1.0 1.0 1.0 1.0 2.0 1.0 1.0 1.0 2.0 2.0 1.0 1.0 1.0 1.0 1.0 1.0 1.0 1.0 1.0 1.0 1.0 1.0 1.0 1.0 1.0 2.0 1.0 1.0 1.0 1.0 1.0 1.0 1.0 1.0 0.0 1.0 1.0 1.0 1.0 2.0 1.0 1.0 1.0 1.0 1.0 1.0  # A39 (Medium)
72.9 77.1 88.6 60 150 1.0 1.0 1.0 1.0 1.0 1.0 1.0 1.0 2.0 1.0 1.0 1.0 2.0 2.0 1.0 1.0 1.0 1.0 1.0 1.0 1.0 1.0 1.0 1.0 1.0 1.0 1.0 1.0 1.0 2.0 1.0 1.0 1.0 1.0 1.0 1.0 1.0 1.0 1.0 0.0 1.0 1.0 1.0 2.0 1.0 1.0 1.0 1.0 1.0 1.0  # A40 (Medium)
108.2 113.5 128.1 100 200 2.0 2.0 2.0 2.0 1.5 2.0 1.5 2.0 3.0 2.0 2.0 2.0 3.0 3.0 2.0 1.5 2.0 1.5 2.0 2.0 1.5 2.0 1.5 2.0 2.0 2.0 1.5 1.5 2.0 3.0 1.5 1.5 1.5 1.5 2.0 2.0 2.0 2.0 2.0 2.0 0.0 1.5 2.0 3.0 1.5 2.0 2.0 2.0 2.0 2.0  # A41 (Heavy)
69.6 76.3 88.1 100 200 2.0 2.0 2.0 2.0 1.5 2.0 1.5 2.0 3.0 2.0 2.0 2.0 3.0 3.0 2.0 1.5 2.0 1.5 2.0 2.0 1.5 2.0 1.5 2.0 2.0 2.0 1.5 1.5 2.0 3.0 1.5 1.5 1.5 1.5 2.0 2.0 2.0 2.0 2.0 2.0 1.5 0.0 2.0 3.0 1.5 2.0 2.0 2.0 2.0 2.0  # A42 (Heavy)
75.8 80.2 91.2 60 150 1.0 1.0 1.0 1.0 1.0 1.0 1.0 1.0 2.0 1.0 1.0 1.0 2.0 2.0 1.0 1.0 1.0 1.0 1.0 1.0 1.0 1.0 1.0 1.0 1.0 1.0 1.0 1.0 1.0 2.0 1.0 1.0 1.0 1.0 1.0 1.0 1.0 1.0 1.0 1.0 1.0 1.0 0.0 2.0 1.0 1.0 1.0 1.0 1.0 1.0  # A43 (Medium)
65.9 70.6 77.3 30 80 1.0 1.0 1.0 1.0 1.0 1.0 1.0 1.0 1.0 1.0 1.0 1.0 1.0 1.0 1.0 1.0 1.0 1.0 1.0 1.0 1.0 1.0 1.0 1.0 1.0 1.0 1.0 1.0 1.0 1.0 1.0 1.0 1.0 1.0 1.0 1.0 1.0 1.0 1.0 1.0 1.0 1.0 1.0 0.0 1.0 1.0 1.0 1.0 1.0 1.0  # A44 (Light)
65.0 71.4 81.8 100 200 2.0 2.0 2.0 2.0 1.5 2.0 1.5 2.0 3.0 2.0 2.0 2.0 3.0 3.0 2.0 1.5 2.0 1.5 2.0 2.0 1.5 2.0 1.5 2.0 2.0 2.0 1.5 1.5 2.0 3.0 1.5 1.5 1.5 1.5 2.0 2.0 2.0 2.0 2.0 2.0 1.5 1.5 2.0 3.0 0.0 2.0 2.0 2.0 2.0 2.0  # A45 (Heavy)
82.6 85.7 95.3 60 150 1.0 1.0 1.0 1.0 1.0 1.0 1.0 1.0 2.0 1.0 1.0 1.0 2.0 2.0 1.0 1.0 1.0 1.0 1.0 1.0 1.0 1.0 1.0 1.0 1.0 1.0 1.0 1.0 1.0 2.0 1.0 1.0 1.0 1.0 1.0 1.0 1.0 1.0 1.0 1.0 1.0 1.0 1.0 2.0 1.0 0.0 1.0 1.0 1.0 1.0  # A46 (Medium)
94.3 99.5 109.6 60 150 1.0 1.0 1.0 1.0 1.0 1.0 1.0 1.0 2.0 1.0 1.0 1.0 2.0 2.0 1.0 1.0 1.0 1.0 1.0 1.0 1.0 1.0 1.0 1.0 1.0 1.0 1.0 1.0 1.0 2.0 1.0 1.0 1.0 1.0 1.0 1.0 1.0 1.0 1.0 1.0 1.0 1.0 1.0 2.0 1.0 1.0 0.0 1.0 1.0 1.0  # A47 (Medium)
65.7 70.8 81.8 60 150 1.0 1.0 1.0 1.0 1.0 1.0 1.0 1.0 2.0 1.0 1.0 1.0 2.0 2.0 1.0 1.0 1.0 1.0 1.0 1.0 1.0 1.0 1.0 1.0 1.0 1.0 1.0 1.0 1.0 2.0 1.0 1.0 1.0 1.0 1.0 1.0 1.0 1.0 1.0 1.0 1.0 1.0 1.0 2.0 1.0 1.0 1.0 0.0 1.0 1.0  # A48 (Medium)
80.1 83.5 96.5 60 150 1.0 1.0 1.0 1.0 1.0 1.0 1.0 1.0 2.0 1.0 1.0 1.0 2.0 2.0 1.0 1.0 1.0 1.0 1.0 1.0 1.0 1.0 1.0 1.0 1.0 1.0 1.0 1.0 1.0 2.0 1.0 1.0 1.0 1.0 1.0 1.0 1.0 1.0 1.0 1.0 1.0 1.0 1.0 2.0 1.0 1.0 1.0 1.0 0.0 1.0  # A49 (Medium)
67.6 73.6 82.5 60 150 1.0 1.0 1.0 1.0 1.0 1.0 1.0 1.0 2.0 1.0 1.0 1.0 2.0 2.0 1.0 1.0 1.0 1.0 1.0 1.0 1.0 1.0 1.0 1.0 1.0 1.0 1.0 1.0 1.0 2.0 1.0 1.0 1.0 1.0 1.0 1.0 1.0 1.0 1.0 1.0 1.0 1.0 1.0 2.0 1.0 1.0 1.0 1.0 1.0 0.0  # A50 (Medium)
