# Schiphol Airport Landing Scenario - sensitivity_a40_r4
# Realistic evening rush hour (18:00-20:00)
# 40 aircraft, 4 runway(s)
# Aircraft mix: 12 Heavy, 24 Medium, 4 Light
# Time unit: MINUTES from 18:00 (base time)
# Costs: EUR per MINUTE early/late
# Separation: Based on ICAO wake turbulence categories
#
# Format: num_aircraft freeze_time
# For each aircraft: appearance_time target_time latest_time early_penalty late_penalty sep_1 sep_2 ... sep_n
# Aircraft types (in order): H M M M M M H H M H H M H H M M H M M H H M M L M H M M M M M M M H L M M M L L
40 0.0
55.4 63.1 72.1 100 200 0.0 2.0 2.0 2.0 2.0 2.0 1.5 1.5 2.0 1.5 1.5 2.0 1.5 1.5 2.0 2.0 1.5 2.0 2.0 1.5 1.5 2.0 2.0 3.0 2.0 1.5 2.0 2.0 2.0 2.0 2.0 2.0 2.0 1.5 3.0 2.0 2.0 2.0 3.0 3.0  # A1 (Heavy)
26.5 30.9 39.1 60 150 1.0 0.0 1.0 1.0 1.0 1.0 1.0 1.0 1.0 1.0 1.0 1.0 1.0 1.0 1.0 1.0 1.0 1.0 1.0 1.0 1.0 1.0 1.0 2.0 1.0 1.0 1.0 1.0 1.0 1.0 1.0 1.0 1.0 1.0 2.0 1.0 1.0 1.0 2.0 2.0  # A2 (Medium)
70.0 74.3 84.5 60 150 1.0 1.0 0.0 1.0 1.0 1.0 1.0 1.0 1.0 1.0 1.0 1.0 1.0 1.0 1.0 1.0 1.0 1.0 1.0 1.0 1.0 1.0 1.0 2.0 1.0 1.0 1.0 1.0 1.0 1.0 1.0 1.0 1.0 1.0 2.0 1.0 1.0 1.0 2.0 2.0  # A3 (Medium)
70.6 77.3 87.1 60 150 1.0 1.0 1.0 0.0 1.0 1.0 1.0 1.0 1.0 1.0 1.0 1.0 1.0 1.0 1.0 1.0 1.0 1.0 1.0 1.0 1.0 1.0 1.0 2.0 1.0 1.0 1.0 1.0 1.0 1.0 1.0 1.0 1.0 1.0 2.0 1.0 1.0 1.0 2.0 2.0  # A4 (Medium)
17.9 24.6 34.0 60 150 1.0 1.0 1.0 1.0 0.0 1.0 1.0 1.0 1.0 1.0 1.0 1.0 1.0 1.0 1.0 1.0 1.0 1.0 1.0 1.0 1.0 1.0 1.0 2.0 1.0 1.0 1.0 1.0 1.0 1.0 1.0 1.0 1.0 1.0 2.0 1.0 1.0 1.0 2.0 2.0  # A5 (Medium)
76.8 81.2 93.2 60 150 1.0 1.0 1.0 1.0 1.0 0.0 1.0 1.0 1.0 1.0 1.0 1.0 1.0 1.0 1.0 1.0 1.0 1.0 1.0 1.0 1.0 1.0 1.0 2.0 1.0 1.0 1.0 1.0 1.0 1.0 1.0 1.0 1.0 1.0 2.0 1.0 1.0 1.0 2.0 2.0  # A6 (Medium)
61.1 65.5 80.2 100 200 1.5 2.0 2.0 2.0 2.0 2.0 0.0 1.5 2.0 1.5 1.5 2.0 1.5 1.5 2.0 2.0 1.5 2.0 2.0 1.5 1.5 2.0 2.0 3.0 2.0 1.5 2.0 2.0 2.0 2.0 2.0 2.0 2.0 1.5 3.0 2.0 2.0 2.0 3.0 3.0  # A7 (Heavy)
100.3 106.7 117.9 100 200 1.5 2.0 2.0 2.0 2.0 2.0 1.5 0.0 2.0 1.5 1.5 2.0 1.5 1.5 2.0 2.0 1.5 2.0 2.0 1.5 1.5 2.0 2.0 3.0 2.0 1.5 2.0 2.0 2.0 2.0 2.0 2.0 2.0 1.5 3.0 2.0 2.0 2.0 3.0 3.0  # A8 (Heavy)
81.2 88.0 95.7 60 150 1.0 1.0 1.0 1.0 1.0 1.0 1.0 1.0 0.0 1.0 1.0 1.0 1.0 1.0 1.0 1.0 1.0 1.0 1.0 1.0 1.0 1.0 1.0 2.0 1.0 1.0 1.0 1.0 1.0 1.0 1.0 1.0 1.0 1.0 2.0 1.0 1.0 1.0 2.0 2.0  # A9 (Medium)
2.7 9.0 19.8 100 200 1.5 2.0 2.0 2.0 2.0 2.0 1.5 1.5 2.0 0.0 1.5 2.0 1.5 1.5 2.0 2.0 1.5 2.0 2.0 1.5 1.5 2.0 2.0 3.0 2.0 1.5 2.0 2.0 2.0 2.0 2.0 2.0 2.0 1.5 3.0 2.0 2.0 2.0 3.0 3.0  # A10 (Heavy)
75.2 81.7 93.9 100 200 1.5 2.0 2.0 2.0 2.0 2.0 1.5 1.5 2.0 1.5 0.0 2.0 1.5 1.5 2.0 2.0 1.5 2.0 2.0 1.5 1.5 2.0 2.0 3.0 2.0 1.5 2.0 2.0 2.0 2.0 2.0 2.0 2.0 1.5 3.0 2.0 2.0 2.0 3.0 3.0  # A11 (Heavy)
66.9 69.6 82.2 60 150 1.0 1.0 1.0 1.0 1.0 1.0 1.0 1.0 1.0 1.0 1.0 0.0 1.0 1.0 1.0 1.0 1.0 1.0 1.0 1.0 1.0 1.0 1.0 2.0 1.0 1.0 1.0 1.0 1.0 1.0 1.0 1.0 1.0 1.0 2.0 1.0 1.0 1.0 2.0 2.0  # A12 (Medium)
54.7 62.3 73.6 100 200 1.5 2.0 2.0 2.0 2.0 2.0 1.5 1.5 2.0 1.5 1.5 2.0 0.0 1.5 2.0 2.0 1.5 2.0 2.0 1.5 1.5 2.0 2.0 3.0 2.0 1.5 2.0 2.0 2.0 2.0 2.0 2.0 2.0 1.5 3.0 2.0 2.0 2.0 3.0 3.0  # A13 (Heavy)
65.6 69.2 84.7 100 200 1.5 2.0 2.0 2.0 2.0 2.0 1.5 1.5 2.0 1.5 1.5 2.0 1.5 0.0 2.0 2.0 1.5 2.0 2.0 1.5 1.5 2.0 2.0 3.0 2.0 1.5 2.0 2.0 2.0 2.0 2.0 2.0 2.0 1.5 3.0 2.0 2.0 2.0 3.0 3.0  # A14 (Heavy)
76.2 81.7 91.2 60 150 1.0 1.0 1.0 1.0 1.0 1.0 1.0 1.0 1.0 1.0 1.0 1.0 1.0 1.0 0.0 1.0 1.0 1.0 1.0 1.0 1.0 1.0 1.0 2.0 1.0 1.0 1.0 1.0 1.0 1.0 1.0 1.0 1.0 1.0 2.0 1.0 1.0 1.0 2.0 2.0  # A15 (Medium)
105.6 111.2 119.7 60 150 1.0 1.0 1.0 1.0 1.0 1.0 1.0 1.0 1.0 1.0 1.0 1.0 1.0 1.0 1.0 0.0 1.0 1.0 1.0 1.0 1.0 1.0 1.0 2.0 1.0 1.0 1.0 1.0 1.0 1.0 1.0 1.0 1.0 1.0 2.0 1.0 1.0 1.0 2.0 2.0  # A16 (Medium)
66.9 74.7 88.9 100 200 1.5 2.0 2.0 2.0 2.0 2.0 1.5 1.5 2.0 1.5 1.5 2.0 1.5 1.5 2.0 2.0 0.0 2.0 2.0 1.5 1.5 2.0 2.0 3.0 2.0 1.5 2.0 2.0 2.0 2.0 2.0 2.0 2.0 1.5 3.0 2.0 2.0 2.0 3.0 3.0  # A17 (Heavy)
81.1 84.1 95.8 60 150 1.0 1.0 1.0 1.0 1.0 1.0 1.0 1.0 1.0 1.0 1.0 1.0 1.0 1.0 1.0 1.0 1.0 0.0 1.0 1.0 1.0 1.0 1.0 2.0 1.0 1.0 1.0 1.0 1.0 1.0 1.0 1.0 1.0 1.0 2.0 1.0 1.0 1.0 2.0 2.0  # A18 (Medium)
100.5 106.0 114.9 60 150 1.0 1.0 1.0 1.0 1.0 1.0 1.0 1.0 1.0 1.0 1.0 1.0 1.0 1.0 1.0 1.0 1.0 1.0 0.0 1.0 1.0 1.0 1.0 2.0 1.0 1.0 1.0 1.0 1.0 1.0 1.0 1.0 1.0 1.0 2.0 1.0 1.0 1.0 2.0 2.0  # A19 (Medium)
81.6 88.4 97.8 100 200 1.5 2.0 2.0 2.0 2.0 2.0 1.5 1.5 2.0 1.5 1.5 2.0 1.5 1.5 2.0 2.0 1.5 2.0 2.0 0.0 1.5 2.0 2.0 3.0 2.0 1.5 2.0 2.0 2.0 2.0 2.0 2.0 2.0 1.5 3.0 2.0 2.0 2.0 3.0 3.0  # A20 (Heavy)
62.3 68.4 80.4 100 200 1.5 2.0 2.0 2.0 2.0 2.0 1.5 1.5 2.0 1.5 1.5 2.0 1.5 1.5 2.0 2.0 1.5 2.0 2.0 1.5 0.0 2.0 2.0 3.0 2.0 1.5 2.0 2.0 2.0 2.0 2.0 2.0 2.0 1.5 3.0 2.0 2.0 2.0 3.0 3.0  # A21 (Heavy)
36.8 40.5 50.5 60 150 1.0 1.0 1.0 1.0 1.0 1.0 1.0 1.0 1.0 1.0 1.0 1.0 1.0 1.0 1.0 1.0 1.0 1.0 1.0 1.0 1.0 0.0 1.0 2.0 1.0 1.0 1.0 1.0 1.0 1.0 1.0 1.0 1.0 1.0 2.0 1.0 1.0 1.0 2.0 2.0  # A22 (Medium)
84.2 88.4 97.9 60 150 1.0 1.0 1.0 1.0 1.0 1.0 1.0 1.0 1.0 1.0 1.0 1.0 1.0 1.0 1.0 1.0 1.0 1.0 1.0 1.0 1.0 1.0 0.0 2.0 1.0 1.0 1.0 1.0 1.0 1.0 1.0 1.0 1.0 1.0 2.0 1.0 1.0 1.0 2.0 2.0  # A23 (Medium)
74.7 79.7 87.6 30 80 1.0 1.0 1.0 1.0 1.0 1.0 1.0 1.0 1.0 1.0 1.0 1.0 1.0 1.0 1.0 1.0 1.0 1.0 1.0 1.0 1.0 1.0 1.0 0.0 1.0 1.0 1.0 1.0 1.0 1.0 1.0 1.0 1.0 1.0 1.0 1.0 1.0 1.0 1.0 1.0  # A24 (Light)
66.7 73.4 82.5 60 150 1.0 1.0 1.0 1.0 1.0 1.0 1.0 1.0 1.0 1.0 1.0 1.0 1.0 1.0 1.0 1.0 1.0 1.0 1.0 1.0 1.0 1.0 1.0 2.0 0.0 1.0 1.0 1.0 1.0 1.0 1.0 1.0 1.0 1.0 2.0 1.0 1.0 1.0 2.0 2.0  # A25 (Medium)
81.8 89.9 99.0 100 200 1.5 2.0 2.0 2.0 2.0 2.0 1.5 1.5 2.0 1.5 1.5 2.0 1.5 1.5 2.0 2.0 1.5 2.0 2.0 1.5 1.5 2.0 2.0 3.0 2.0 0.0 2.0 2.0 2.0 2.0 2.0 2.0 2.0 1.5 3.0 2.0 2.0 2.0 3.0 3.0  # A26 (Heavy)
76.5 80.7 89.5 60 150 1.0 1.0 1.0 1.0 1.0 1.0 1.0 1.0 1.0 1.0 1.0 1.0 1.0 1.0 1.0 1.0 1.0 1.0 1.0 1.0 1.0 1.0 1.0 2.0 1.0 1.0 0.0 1.0 1.0 1.0 1.0 1.0 1.0 1.0 2.0 1.0 1.0 1.0 2.0 2.0  # A27 (Medium)
5.9 11.5 20.3 60 150 1.0 1.0 1.0 1.0 1.0 1.0 1.0 1.0 1.0 1.0 1.0 1.0 1.0 1.0 1.0 1.0 1.0 1.0 1.0 1.0 1.0 1.0 1.0 2.0 1.0 1.0 1.0 0.0 1.0 1.0 1.0 1.0 1.0 1.0 2.0 1.0 1.0 1.0 2.0 2.0  # A28 (Medium)
9.2 17.0 26.1 60 150 1.0 1.0 1.0 1.0 1.0 1.0 1.0 1.0 1.0 1.0 1.0 1.0 1.0 1.0 1.0 1.0 1.0 1.0 1.0 1.0 1.0 1.0 1.0 2.0 1.0 1.0 1.0 1.0 0.0 1.0 1.0 1.0 1.0 1.0 2.0 1.0 1.0 1.0 2.0 2.0  # A29 (Medium)
75.7 81.9 88.4 60 150 1.0 1.0 1.0 1.0 1.0 1.0 1.0 1.0 1.0 1.0 1.0 1.0 1.0 1.0 1.0 1.0 1.0 1.0 1.0 1.0 1.0 1.0 1.0 2.0 1.0 1.0 1.0 1.0 1.0 0.0 1.0 1.0 1.0 1.0 2.0 1.0 1.0 1.0 2.0 2.0  # A30 (Medium)
0.8 3.8 14.5 60 150 1.0 1.0 1.0 1.0 1.0 1.0 1.0 1.0 1.0 1.0 1.0 1.0 1.0 1.0 1.0 1.0 1.0 1.0 1.0 1.0 1.0 1.0 1.0 2.0 1.0 1.0 1.0 1.0 1.0 1.0 0.0 1.0 1.0 1.0 2.0 1.0 1.0 1.0 2.0 2.0  # A31 (Medium)
57.1 60.1 73.1 60 150 1.0 1.0 1.0 1.0 1.0 1.0 1.0 1.0 1.0 1.0 1.0 1.0 1.0 1.0 1.0 1.0 1.0 1.0 1.0 1.0 1.0 1.0 1.0 2.0 1.0 1.0 1.0 1.0 1.0 1.0 1.0 0.0 1.0 1.0 2.0 1.0 1.0 1.0 2.0 2.0  # A32 (Medium)
70.6 75.2 83.8 60 150 1.0 1.0 1.0 1.0 1.0 1.0 1.0 1.0 1.0 1.0 1.0 1.0 1.0 1.0 1.0 1.0 1.0 1.0 1.0 1.0 1.0 1.0 1.0 2.0 1.0 1.0 1.0 1.0 1.0 1.0 1.0 1.0 0.0 1.0 2.0 1.0 1.0 1.0 2.0 2.0  # A33 (Medium)
103.3 109.4 124.2 100 200 1.5 2.0 2.0 2.0 2.0 2.0 1.5 1.5 2.0 1.5 1.5 2.0 1.5 1.5 2.0 2.0 1.5 2.0 2.0 1.5 1.5 2.0 2.0 3.0 2.0 1.5 2.0 2.0 2.0 2.0 2.0 2.0 2.0 0.0 3.0 2.0 2.0 2.0 3.0 3.0  # A34 (Heavy)
75.6 81.0 88.6 30 80 1.0 1.0 1.0 1.0 1.0 1.0 1.0 1.0 1.0 1.0 1.0 1.0 1.0 1.0 1.0 1.0 1.0 1.0 1.0 1.0 1.0 1.0 1.0 1.0 1.0 1.0 1.0 1.0 1.0 1.0 1.0 1.0 1.0 1.0 0.0 1.0 1.0 1.0 1.0 1.0  # A35 (Light)
61.5 67.7 77.1 60 150 1.0 1.0 1.0 1.0 1.0 1.0 1.0 1.0 1.0 1.0 1.0 1.0 1.0 1.0 1.0 1.0 1.0 1.0 1.0 1.0 1.0 1.0 1.0 2.0 1.0 1.0 1.0 1.0 1.0 1.0 1.0 1.0 1.0 1.0 2.0 0.0 1.0 1.0 2.0 2.0  # A36 (Medium)
79.5 84.9 95.1 60 150 1.0 1.0 1.0 1.0 1.0 1.0 1.0 1.0 1.0 1.0 1.0 1.0 1.0 1.0 1.0 1.0 1.0 1.0 1.0 1.0 1.0 1.0 1.0 2.0 1.0 1.0 1.0 1.0 1.0 1.0 1.0 1.0 1.0 1.0 2.0 1.0 0.0 1.0 2.0 2.0  # A37 (Medium)
32.8 38.3 49.1 60 150 1.0 1.0 1.0 1.0 1.0 1.0 1.0 1.0 1.0 1.0 1.0 1.0 1.0 1.0 1.0 1.0 1.0 1.0 1.0 1.0 1.0 1.0 1.0 2.0 1.0 1.0 1.0 1.0 1.0 1.0 1.0 1.0 1.0 1.0 2.0 1.0 1.0 0.0 2.0 2.0  # A38 (Medium)
22.2 24.2 34.6 30 80 1.0 1.0 1.0 1.0 1.0 1.0 1.0 1.0 1.0 1.0 1.0 1.0 1.0 1.0 1.0 1.0 1.0 1.0 1.0 1.0 1.0 1.0 1.0 1.0 1.0 1.0 1.0 1.0 1.0 1.0 1.0 1.0 1.0 1.0 1.0 1.0 1.0 1.0 0.0 1.0  # A39 (Light)
105.5 107.8 117.9 30 80 1.0 1.0 1.0 1.0 1.0 1.0 1.0 1.0 1.0 1.0 1.0 1.0 1.0 1.0 1.0 1.0 1.0 1.0 1.0 1.0 1.0 1.0 1.0 1.0 1.0 1.0 1.0 1.0 1.0 1.0 1.0 1.0 1.0 1.0 1.0 1.0 1.0 1.0 1.0 0.0  # A40 (Light)
