# Schiphol Airport Landing Scenario - sensitivity_a50_r3
# Realistic evening rush hour (18:00-20:00)
# 50 aircraft, 3 runway(s)
# Aircraft mix: 15 Heavy, 30 Medium, 5 Light
# Time unit: MINUTES from 18:00 (base time)
# Costs: EUR per MINUTE early/late
# Separation: Based on ICAO wake turbulence categories
#
# Format: num_aircraft freeze_time
# For each aircraft: appearance_time target_time latest_time early_penalty late_penalty sep_1 sep_2 ... sep_n
# Aircraft types (in order): L M M H M L H M M L M M H H L H H M M M M H M M M M H H L M M M M H M M M M M H H H M M H M M M M H
50 0.0
5.7 8.5 19.0 30 80 0.0 1.0 1.0 1.0 1.0 1.0 1.0 1.0 1.0 1.0 1.0 1.0 1.0 1.0 1.0 1.0 1.0 1.0 1.0 1.0 1.0 1.0 1.0 1.0 1.0 1.0 1.0 1.0 1.0 1.0 1.0 1.0 1.0 1.0 1.0 1.0 1.0 1.0 1.0 1.0 1.0 1.0 1.0 1.0 1.0 1.0 1.0 1.0 1.0 1.0  # A1 (Light)
70.7 75.0 88.0 60 150 2.0 0.0 1.0 1.0 1.0 2.0 1.0 1.0 1.0 2.0 1.0 1.0 1.0 1.0 2.0 1.0 1.0 1.0 1.0 1.0 1.0 1.0 1.0 1.0 1.0 1.0 1.0 1.0 2.0 1.0 1.0 1.0 1.0 1.0 1.0 1.0 1.0 1.0 1.0 1.0 1.0 1.0 1.0 1.0 1.0 1.0 1.0 1.0 1.0 1.0  # A2 (Medium)
71.8 75.8 87.3 60 150 2.0 1.0 0.0 1.0 1.0 2.0 1.0 1.0 1.0 2.0 1.0 1.0 1.0 1.0 2.0 1.0 1.0 1.0 1.0 1.0 1.0 1.0 1.0 1.0 1.0 1.0 1.0 1.0 2.0 1.0 1.0 1.0 1.0 1.0 1.0 1.0 1.0 1.0 1.0 1.0 1.0 1.0 1.0 1.0 1.0 1.0 1.0 1.0 1.0 1.0  # A3 (Medium)
53.6 62.8 72.3 100 200 3.0 2.0 2.0 0.0 2.0 3.0 1.5 2.0 2.0 3.0 2.0 2.0 1.5 1.5 3.0 1.5 1.5 2.0 2.0 2.0 2.0 1.5 2.0 2.0 2.0 2.0 1.5 1.5 3.0 2.0 2.0 2.0 2.0 1.5 2.0 2.0 2.0 2.0 2.0 1.5 1.5 1.5 2.0 2.0 1.5 2.0 2.0 2.0 2.0 1.5  # A4 (Heavy)
68.0 72.1 82.1 60 150 2.0 1.0 1.0 1.0 0.0 2.0 1.0 1.0 1.0 2.0 1.0 1.0 1.0 1.0 2.0 1.0 1.0 1.0 1.0 1.0 1.0 1.0 1.0 1.0 1.0 1.0 1.0 1.0 2.0 1.0 1.0 1.0 1.0 1.0 1.0 1.0 1.0 1.0 1.0 1.0 1.0 1.0 1.0 1.0 1.0 1.0 1.0 1.0 1.0 1.0  # A5 (Medium)
58.5 62.3 70.8 30 80 1.0 1.0 1.0 1.0 1.0 0.0 1.0 1.0 1.0 1.0 1.0 1.0 1.0 1.0 1.0 1.0 1.0 1.0 1.0 1.0 1.0 1.0 1.0 1.0 1.0 1.0 1.0 1.0 1.0 1.0 1.0 1.0 1.0 1.0 1.0 1.0 1.0 1.0 1.0 1.0 1.0 1.0 1.0 1.0 1.0 1.0 1.0 1.0 1.0 1.0  # A6 (Light)
62.4 67.7 82.2 100 200 3.0 2.0 2.0 1.5 2.0 3.0 0.0 2.0 2.0 3.0 2.0 2.0 1.5 1.5 3.0 1.5 1.5 2.0 2.0 2.0 2.0 1.5 2.0 2.0 2.0 2.0 1.5 1.5 3.0 2.0 2.0 2.0 2.0 1.5 2.0 2.0 2.0 2.0 2.0 1.5 1.5 1.5 2.0 2.0 1.5 2.0 2.0 2.0 2.0 1.5  # A7 (Heavy)
113.1 118.9 130.4 60 150 2.0 1.0 1.0 1.0 1.0 2.0 1.0 0.0 1.0 2.0 1.0 1.0 1.0 1.0 2.0 1.0 1.0 1.0 1.0 1.0 1.0 1.0 1.0 1.0 1.0 1.0 1.0 1.0 2.0 1.0 1.0 1.0 1.0 1.0 1.0 1.0 1.0 1.0 1.0 1.0 1.0 1.0 1.0 1.0 1.0 1.0 1.0 1.0 1.0 1.0  # A8 (Medium)
62.2 67.3 76.5 60 150 2.0 1.0 1.0 1.0 1.0 2.0 1.0 1.0 0.0 2.0 1.0 1.0 1.0 1.0 2.0 1.0 1.0 1.0 1.0 1.0 1.0 1.0 1.0 1.0 1.0 1.0 1.0 1.0 2.0 1.0 1.0 1.0 1.0 1.0 1.0 1.0 1.0 1.0 1.0 1.0 1.0 1.0 1.0 1.0 1.0 1.0 1.0 1.0 1.0 1.0  # A9 (Medium)
81.8 86.7 91.8 30 80 1.0 1.0 1.0 1.0 1.0 1.0 1.0 1.0 1.0 0.0 1.0 1.0 1.0 1.0 1.0 1.0 1.0 1.0 1.0 1.0 1.0 1.0 1.0 1.0 1.0 1.0 1.0 1.0 1.0 1.0 1.0 1.0 1.0 1.0 1.0 1.0 1.0 1.0 1.0 1.0 1.0 1.0 1.0 1.0 1.0 1.0 1.0 1.0 1.0 1.0  # A10 (Light)
59.5 66.0 75.7 60 150 2.0 1.0 1.0 1.0 1.0 2.0 1.0 1.0 1.0 2.0 0.0 1.0 1.0 1.0 2.0 1.0 1.0 1.0 1.0 1.0 1.0 1.0 1.0 1.0 1.0 1.0 1.0 1.0 2.0 1.0 1.0 1.0 1.0 1.0 1.0 1.0 1.0 1.0 1.0 1.0 1.0 1.0 1.0 1.0 1.0 1.0 1.0 1.0 1.0 1.0  # A11 (Medium)
69.8 72.0 83.3 60 150 2.0 1.0 1.0 1.0 1.0 2.0 1.0 1.0 1.0 2.0 1.0 0.0 1.0 1.0 2.0 1.0 1.0 1.0 1.0 1.0 1.0 1.0 1.0 1.0 1.0 1.0 1.0 1.0 2.0 1.0 1.0 1.0 1.0 1.0 1.0 1.0 1.0 1.0 1.0 1.0 1.0 1.0 1.0 1.0 1.0 1.0 1.0 1.0 1.0 1.0  # A12 (Medium)
63.2 70.6 82.2 100 200 3.0 2.0 2.0 1.5 2.0 3.0 1.5 2.0 2.0 3.0 2.0 2.0 0.0 1.5 3.0 1.5 1.5 2.0 2.0 2.0 2.0 1.5 2.0 2.0 2.0 2.0 1.5 1.5 3.0 2.0 2.0 2.0 2.0 1.5 2.0 2.0 2.0 2.0 2.0 1.5 1.5 1.5 2.0 2.0 1.5 2.0 2.0 2.0 2.0 1.5  # A13 (Heavy)
59.2 67.6 78.6 100 200 3.0 2.0 2.0 1.5 2.0 3.0 1.5 2.0 2.0 3.0 2.0 2.0 1.5 0.0 3.0 1.5 1.5 2.0 2.0 2.0 2.0 1.5 2.0 2.0 2.0 2.0 1.5 1.5 3.0 2.0 2.0 2.0 2.0 1.5 2.0 2.0 2.0 2.0 2.0 1.5 1.5 1.5 2.0 2.0 1.5 2.0 2.0 2.0 2.0 1.5  # A14 (Heavy)
88.7 93.2 101.9 30 80 1.0 1.0 1.0 1.0 1.0 1.0 1.0 1.0 1.0 1.0 1.0 1.0 1.0 1.0 0.0 1.0 1.0 1.0 1.0 1.0 1.0 1.0 1.0 1.0 1.0 1.0 1.0 1.0 1.0 1.0 1.0 1.0 1.0 1.0 1.0 1.0 1.0 1.0 1.0 1.0 1.0 1.0 1.0 1.0 1.0 1.0 1.0 1.0 1.0 1.0  # A15 (Light)
26.3 33.7 44.7 100 200 3.0 2.0 2.0 1.5 2.0 3.0 1.5 2.0 2.0 3.0 2.0 2.0 1.5 1.5 3.0 0.0 1.5 2.0 2.0 2.0 2.0 1.5 2.0 2.0 2.0 2.0 1.5 1.5 3.0 2.0 2.0 2.0 2.0 1.5 2.0 2.0 2.0 2.0 2.0 1.5 1.5 1.5 2.0 2.0 1.5 2.0 2.0 2.0 2.0 1.5  # A16 (Heavy)
61.4 66.0 79.6 100 200 3.0 2.0 2.0 1.5 2.0 3.0 1.5 2.0 2.0 3.0 2.0 2.0 1.5 1.5 3.0 1.5 0.0 2.0 2.0 2.0 2.0 1.5 2.0 2.0 2.0 2.0 1.5 1.5 3.0 2.0 2.0 2.0 2.0 1.5 2.0 2.0 2.0 2.0 2.0 1.5 1.5 1.5 2.0 2.0 1.5 2.0 2.0 2.0 2.0 1.5  # A17 (Heavy)
114.2 119.8 130.1 60 150 2.0 1.0 1.0 1.0 1.0 2.0 1.0 1.0 1.0 2.0 1.0 1.0 1.0 1.0 2.0 1.0 1.0 0.0 1.0 1.0 1.0 1.0 1.0 1.0 1.0 1.0 1.0 1.0 2.0 1.0 1.0 1.0 1.0 1.0 1.0 1.0 1.0 1.0 1.0 1.0 1.0 1.0 1.0 1.0 1.0 1.0 1.0 1.0 1.0 1.0  # A18 (Medium)
57.0 62.4 73.4 60 150 2.0 1.0 1.0 1.0 1.0 2.0 1.0 1.0 1.0 2.0 1.0 1.0 1.0 1.0 2.0 1.0 1.0 1.0 0.0 1.0 1.0 1.0 1.0 1.0 1.0 1.0 1.0 1.0 2.0 1.0 1.0 1.0 1.0 1.0 1.0 1.0 1.0 1.0 1.0 1.0 1.0 1.0 1.0 1.0 1.0 1.0 1.0 1.0 1.0 1.0  # A19 (Medium)
68.7 72.8 83.4 60 150 2.0 1.0 1.0 1.0 1.0 2.0 1.0 1.0 1.0 2.0 1.0 1.0 1.0 1.0 2.0 1.0 1.0 1.0 1.0 0.0 1.0 1.0 1.0 1.0 1.0 1.0 1.0 1.0 2.0 1.0 1.0 1.0 1.0 1.0 1.0 1.0 1.0 1.0 1.0 1.0 1.0 1.0 1.0 1.0 1.0 1.0 1.0 1.0 1.0 1.0  # A20 (Medium)
34.2 40.2 50.9 60 150 2.0 1.0 1.0 1.0 1.0 2.0 1.0 1.0 1.0 2.0 1.0 1.0 1.0 1.0 2.0 1.0 1.0 1.0 1.0 1.0 0.0 1.0 1.0 1.0 1.0 1.0 1.0 1.0 2.0 1.0 1.0 1.0 1.0 1.0 1.0 1.0 1.0 1.0 1.0 1.0 1.0 1.0 1.0 1.0 1.0 1.0 1.0 1.0 1.0 1.0  # A21 (Medium)
12.3 18.9 30.7 100 200 3.0 2.0 2.0 1.5 2.0 3.0 1.5 2.0 2.0 3.0 2.0 2.0 1.5 1.5 3.0 1.5 1.5 2.0 2.0 2.0 2.0 0.0 2.0 2.0 2.0 2.0 1.5 1.5 3.0 2.0 2.0 2.0 2.0 1.5 2.0 2.0 2.0 2.0 2.0 1.5 1.5 1.5 2.0 2.0 1.5 2.0 2.0 2.0 2.0 1.5  # A22 (Heavy)
80.9 86.9 97.9 60 150 2.0 1.0 1.0 1.0 1.0 2.0 1.0 1.0 1.0 2.0 1.0 1.0 1.0 1.0 2.0 1.0 1.0 1.0 1.0 1.0 1.0 1.0 0.0 1.0 1.0 1.0 1.0 1.0 2.0 1.0 1.0 1.0 1.0 1.0 1.0 1.0 1.0 1.0 1.0 1.0 1.0 1.0 1.0 1.0 1.0 1.0 1.0 1.0 1.0 1.0  # A23 (Medium)
66.1 70.5 83.6 60 150 2.0 1.0 1.0 1.0 1.0 2.0 1.0 1.0 1.0 2.0 1.0 1.0 1.0 1.0 2.0 1.0 1.0 1.0 1.0 1.0 1.0 1.0 1.0 0.0 1.0 1.0 1.0 1.0 2.0 1.0 1.0 1.0 1.0 1.0 1.0 1.0 1.0 1.0 1.0 1.0 1.0 1.0 1.0 1.0 1.0 1.0 1.0 1.0 1.0 1.0  # A24 (Medium)
80.6 86.0 93.7 60 150 2.0 1.0 1.0 1.0 1.0 2.0 1.0 1.0 1.0 2.0 1.0 1.0 1.0 1.0 2.0 1.0 1.0 1.0 1.0 1.0 1.0 1.0 1.0 1.0 0.0 1.0 1.0 1.0 2.0 1.0 1.0 1.0 1.0 1.0 1.0 1.0 1.0 1.0 1.0 1.0 1.0 1.0 1.0 1.0 1.0 1.0 1.0 1.0 1.0 1.0  # A25 (Medium)
93.9 99.2 108.3 60 150 2.0 1.0 1.0 1.0 1.0 2.0 1.0 1.0 1.0 2.0 1.0 1.0 1.0 1.0 2.0 1.0 1.0 1.0 1.0 1.0 1.0 1.0 1.0 1.0 1.0 0.0 1.0 1.0 2.0 1.0 1.0 1.0 1.0 1.0 1.0 1.0 1.0 1.0 1.0 1.0 1.0 1.0 1.0 1.0 1.0 1.0 1.0 1.0 1.0 1.0  # A26 (Medium)
114.0 118.5 130.8 100 200 3.0 2.0 2.0 1.5 2.0 3.0 1.5 2.0 2.0 3.0 2.0 2.0 1.5 1.5 3.0 1.5 1.5 2.0 2.0 2.0 2.0 1.5 2.0 2.0 2.0 2.0 0.0 1.5 3.0 2.0 2.0 2.0 2.0 1.5 2.0 2.0 2.0 2.0 2.0 1.5 1.5 1.5 2.0 2.0 1.5 2.0 2.0 2.0 2.0 1.5  # A27 (Heavy)
78.6 85.1 97.4 100 200 3.0 2.0 2.0 1.5 2.0 3.0 1.5 2.0 2.0 3.0 2.0 2.0 1.5 1.5 3.0 1.5 1.5 2.0 2.0 2.0 2.0 1.5 2.0 2.0 2.0 2.0 1.5 0.0 3.0 2.0 2.0 2.0 2.0 1.5 2.0 2.0 2.0 2.0 2.0 1.5 1.5 1.5 2.0 2.0 1.5 2.0 2.0 2.0 2.0 1.5  # A28 (Heavy)
64.4 68.1 75.3 30 80 1.0 1.0 1.0 1.0 1.0 1.0 1.0 1.0 1.0 1.0 1.0 1.0 1.0 1.0 1.0 1.0 1.0 1.0 1.0 1.0 1.0 1.0 1.0 1.0 1.0 1.0 1.0 1.0 0.0 1.0 1.0 1.0 1.0 1.0 1.0 1.0 1.0 1.0 1.0 1.0 1.0 1.0 1.0 1.0 1.0 1.0 1.0 1.0 1.0 1.0  # A29 (Light)
37.9 44.1 52.7 60 150 2.0 1.0 1.0 1.0 1.0 2.0 1.0 1.0 1.0 2.0 1.0 1.0 1.0 1.0 2.0 1.0 1.0 1.0 1.0 1.0 1.0 1.0 1.0 1.0 1.0 1.0 1.0 1.0 2.0 0.0 1.0 1.0 1.0 1.0 1.0 1.0 1.0 1.0 1.0 1.0 1.0 1.0 1.0 1.0 1.0 1.0 1.0 1.0 1.0 1.0  # A30 (Medium)
82.6 86.2 99.5 60 150 2.0 1.0 1.0 1.0 1.0 2.0 1.0 1.0 1.0 2.0 1.0 1.0 1.0 1.0 2.0 1.0 1.0 1.0 1.0 1.0 1.0 1.0 1.0 1.0 1.0 1.0 1.0 1.0 2.0 1.0 0.0 1.0 1.0 1.0 1.0 1.0 1.0 1.0 1.0 1.0 1.0 1.0 1.0 1.0 1.0 1.0 1.0 1.0 1.0 1.0  # A31 (Medium)
3.7 9.5 18.1 60 150 2.0 1.0 1.0 1.0 1.0 2.0 1.0 1.0 1.0 2.0 1.0 1.0 1.0 1.0 2.0 1.0 1.0 1.0 1.0 1.0 1.0 1.0 1.0 1.0 1.0 1.0 1.0 1.0 2.0 1.0 1.0 0.0 1.0 1.0 1.0 1.0 1.0 1.0 1.0 1.0 1.0 1.0 1.0 1.0 1.0 1.0 1.0 1.0 1.0 1.0  # A32 (Medium)
82.7 88.7 98.8 60 150 2.0 1.0 1.0 1.0 1.0 2.0 1.0 1.0 1.0 2.0 1.0 1.0 1.0 1.0 2.0 1.0 1.0 1.0 1.0 1.0 1.0 1.0 1.0 1.0 1.0 1.0 1.0 1.0 2.0 1.0 1.0 1.0 0.0 1.0 1.0 1.0 1.0 1.0 1.0 1.0 1.0 1.0 1.0 1.0 1.0 1.0 1.0 1.0 1.0 1.0  # A33 (Medium)
108.2 113.3 128.8 100 200 3.0 2.0 2.0 1.5 2.0 3.0 1.5 2.0 2.0 3.0 2.0 2.0 1.5 1.5 3.0 1.5 1.5 2.0 2.0 2.0 2.0 1.5 2.0 2.0 2.0 2.0 1.5 1.5 3.0 2.0 2.0 2.0 2.0 0.0 2.0 2.0 2.0 2.0 2.0 1.5 1.5 1.5 2.0 2.0 1.5 2.0 2.0 2.0 2.0 1.5  # A34 (Heavy)
55.9 60.8 71.7 60 150 2.0 1.0 1.0 1.0 1.0 2.0 1.0 1.0 1.0 2.0 1.0 1.0 1.0 1.0 2.0 1.0 1.0 1.0 1.0 1.0 1.0 1.0 1.0 1.0 1.0 1.0 1.0 1.0 2.0 1.0 1.0 1.0 1.0 1.0 0.0 1.0 1.0 1.0 1.0 1.0 1.0 1.0 1.0 1.0 1.0 1.0 1.0 1.0 1.0 1.0  # A35 (Medium)
53.8 58.9 69.3 60 150 2.0 1.0 1.0 1.0 1.0 2.0 1.0 1.0 1.0 2.0 1.0 1.0 1.0 1.0 2.0 1.0 1.0 1.0 1.0 1.0 1.0 1.0 1.0 1.0 1.0 1.0 1.0 1.0 2.0 1.0 1.0 1.0 1.0 1.0 1.0 0.0 1.0 1.0 1.0 1.0 1.0 1.0 1.0 1.0 1.0 1.0 1.0 1.0 1.0 1.0  # A36 (Medium)
23.0 27.0 36.1 60 150 2.0 1.0 1.0 1.0 1.0 2.0 1.0 1.0 1.0 2.0 1.0 1.0 1.0 1.0 2.0 1.0 1.0 1.0 1.0 1.0 1.0 1.0 1.0 1.0 1.0 1.0 1.0 1.0 2.0 1.0 1.0 1.0 1.0 1.0 1.0 1.0 0.0 1.0 1.0 1.0 1.0 1.0 1.0 1.0 1.0 1.0 1.0 1.0 1.0 1.0  # A37 (Medium)
61.2 64.6 75.3 60 150 2.0 1.0 1.0 1.0 1.0 2.0 1.0 1.0 1.0 2.0 1.0 1.0 1.0 1.0 2.0 1.0 1.0 1.0 1.0 1.0 1.0 1.0 1.0 1.0 1.0 1.0 1.0 1.0 2.0 1.0 1.0 1.0 1.0 1.0 1.0 1.0 1.0 0.0 1.0 1.0 1.0 1.0 1.0 1.0 1.0 1.0 1.0 1.0 1.0 1.0  # A38 (Medium)
63.6 67.4 80.3 60 150 2.0 1.0 1.0 1.0 1.0 2.0 1.0 1.0 1.0 2.0 1.0 1.0 1.0 1.0 2.0 1.0 1.0 1.0 1.0 1.0 1.0 1.0 1.0 1.0 1.0 1.0 1.0 1.0 2.0 1.0 1.0 1.0 1.0 1.0 1.0 1.0 1.0 1.0 0.0 1.0 1.0 1.0 1.0 1.0 1.0 1.0 1.0 1.0 1.0 1.0  # A39 (Medium)
74.9 84.3 96.7 100 200 3.0 2.0 2.0 1.5 2.0 3.0 1.5 2.0 2.0 3.0 2.0 2.0 1.5 1.5 3.0 1.5 1.5 2.0 2.0 2.0 2.0 1.5 2.0 2.0 2.0 2.0 1.5 1.5 3.0 2.0 2.0 2.0 2.0 1.5 2.0 2.0 2.0 2.0 2.0 0.0 1.5 1.5 2.0 2.0 1.5 2.0 2.0 2.0 2.0 1.5  # A40 (Heavy)
51.1 56.3 70.5 100 200 3.0 2.0 2.0 1.5 2.0 3.0 1.5 2.0 2.0 3.0 2.0 2.0 1.5 1.5 3.0 1.5 1.5 2.0 2.0 2.0 2.0 1.5 2.0 2.0 2.0 2.0 1.5 1.5 3.0 2.0 2.0 2.0 2.0 1.5 2.0 2.0 2.0 2.0 2.0 1.5 0.0 1.5 2.0 2.0 1.5 2.0 2.0 2.0 2.0 1.5  # A41 (Heavy)
112.3 117.4 128.8 100 200 3.0 2.0 2.0 1.5 2.0 3.0 1.5 2.0 2.0 3.0 2.0 2.0 1.5 1.5 3.0 1.5 1.5 2.0 2.0 2.0 2.0 1.5 2.0 2.0 2.0 2.0 1.5 1.5 3.0 2.0 2.0 2.0 2.0 1.5 2.0 2.0 2.0 2.0 2.0 1.5 1.5 0.0 2.0 2.0 1.5 2.0 2.0 2.0 2.0 1.5  # A42 (Heavy)
69.7 75.5 83.7 60 150 2.0 1.0 1.0 1.0 1.0 2.0 1.0 1.0 1.0 2.0 1.0 1.0 1.0 1.0 2.0 1.0 1.0 1.0 1.0 1.0 1.0 1.0 1.0 1.0 1.0 1.0 1.0 1.0 2.0 1.0 1.0 1.0 1.0 1.0 1.0 1.0 1.0 1.0 1.0 1.0 1.0 1.0 0.0 1.0 1.0 1.0 1.0 1.0 1.0 1.0  # A43 (Medium)
9.8 15.2 23.1 60 150 2.0 1.0 1.0 1.0 1.0 2.0 1.0 1.0 1.0 2.0 1.0 1.0 1.0 1.0 2.0 1.0 1.0 1.0 1.0 1.0 1.0 1.0 1.0 1.0 1.0 1.0 1.0 1.0 2.0 1.0 1.0 1.0 1.0 1.0 1.0 1.0 1.0 1.0 1.0 1.0 1.0 1.0 1.0 0.0 1.0 1.0 1.0 1.0 1.0 1.0  # A44 (Medium)
84.5 92.5 107.3 100 200 3.0 2.0 2.0 1.5 2.0 3.0 1.5 2.0 2.0 3.0 2.0 2.0 1.5 1.5 3.0 1.5 1.5 2.0 2.0 2.0 2.0 1.5 2.0 2.0 2.0 2.0 1.5 1.5 3.0 2.0 2.0 2.0 2.0 1.5 2.0 2.0 2.0 2.0 2.0 1.5 1.5 1.5 2.0 2.0 0.0 2.0 2.0 2.0 2.0 1.5  # A45 (Heavy)
63.6 70.8 77.4 60 150 2.0 1.0 1.0 1.0 1.0 2.0 1.0 1.0 1.0 2.0 1.0 1.0 1.0 1.0 2.0 1.0 1.0 1.0 1.0 1.0 1.0 1.0 1.0 1.0 1.0 1.0 1.0 1.0 2.0 1.0 1.0 1.0 1.0 1.0 1.0 1.0 1.0 1.0 1.0 1.0 1.0 1.0 1.0 1.0 1.0 0.0 1.0 1.0 1.0 1.0  # A46 (Medium)
67.0 72.3 82.4 60 150 2.0 1.0 1.0 1.0 1.0 2.0 1.0 1.0 1.0 2.0 1.0 1.0 1.0 1.0 2.0 1.0 1.0 1.0 1.0 1.0 1.0 1.0 1.0 1.0 1.0 1.0 1.0 1.0 2.0 1.0 1.0 1.0 1.0 1.0 1.0 1.0 1.0 1.0 1.0 1.0 1.0 1.0 1.0 1.0 1.0 1.0 0.0 1.0 1.0 1.0  # A47 (Medium)
80.0 84.4 96.5 60 150 2.0 1.0 1.0 1.0 1.0 2.0 1.0 1.0 1.0 2.0 1.0 1.0 1.0 1.0 2.0 1.0 1.0 1.0 1.0 1.0 1.0 1.0 1.0 1.0 1.0 1.0 1.0 1.0 2.0 1.0 1.0 1.0 1.0 1.0 1.0 1.0 1.0 1.0 1.0 1.0 1.0 1.0 1.0 1.0 1.0 1.0 1.0 0.0 1.0 1.0  # A48 (Medium)
109.0 115.5 122.1 60 150 2.0 1.0 1.0 1.0 1.0 2.0 1.0 1.0 1.0 2.0 1.0 1.0 1.0 1.0 2.0 1.0 1.0 1.0 1.0 1.0 1.0 1.0 1.0 1.0 1.0 1.0 1.0 1.0 2.0 1.0 1.0 1.0 1.0 1.0 1.0 1.0 1.0 1.0 1.0 1.0 1.0 1.0 1.0 1.0 1.0 1.0 1.0 1.0 0.0 1.0  # A49 (Medium)
21.9 28.2 43.1 100 200 3.0 2.0 2.0 1.5 2.0 3.0 1.5 2.0 2.0 3.0 2.0 2.0 1.5 1.5 3.0 1.5 1.5 2.0 2.0 2.0 2.0 1.5 2.0 2.0 2.0 2.0 1.5 1.5 3.0 2.0 2.0 2.0 2.0 1.5 2.0 2.0 2.0 2.0 2.0 1.5 1.5 1.5 2.0 2.0 1.5 2.0 2.0 2.0 2.0 0.0  # A50 (Heavy)
