# Schiphol Airport Landing Scenario - sensitivity_a20_r2_rep0
# Realistic evening rush hour (18:00-20:00)
# 20 aircraft, 2 runway(s)
# Aircraft mix: 6 Heavy, 13 Medium, 1 Light
# Time unit: MINUTES from 18:00 (base time)
# Costs: EUR per MINUTE early/late
# Separation: Based on ICAO wake turbulence categories
#
# Format: num_aircraft freeze_time
# For each aircraft: appearance_time target_time latest_time early_penalty late_penalty sep_1 sep_2 ... sep_n
# Aircraft types (in order): M H M M H M M M M M M M H H M M H M L H
20 0.0
70.3 74.4 84.4 60 150 0.0 1.0 1.0 1.0 1.0 1.0 1.0 1.0 1.0 1.0 1.0 1.0 1.0 1.0 1.0 1.0 1.0 1.0 2.0 1.0  # A1 (Medium)
69.8 78.4 90.0 100 200 2.0 0.0 2.0 2.0 1.5 2.0 2.0 2.0 2.0 2.0 2.0 2.0 1.5 1.5 2.0 2.0 1.5 2.0 3.0 1.5  # A2 (Heavy)
49.7 56.0 62.6 60 150 1.0 1.0 0.0 1.0 1.0 1.0 1.0 1.0 1.0 1.0 1.0 1.0 1.0 1.0 1.0 1.0 1.0 1.0 2.0 1.0  # A3 (Medium)
108.5 113.7 125.2 60 150 1.0 1.0 1.0 0.0 1.0 1.0 1.0 1.0 1.0 1.0 1.0 1.0 1.0 1.0 1.0 1.0 1.0 1.0 2.0 1.0  # A4 (Medium)
105.9 111.3 124.0 100 200 2.0 1.5 2.0 2.0 0.0 2.0 2.0 2.0 2.0 2.0 2.0 2.0 1.5 1.5 2.0 2.0 1.5 2.0 3.0 1.5  # A5 (Heavy)
51.7 56.8 65.0 60 150 1.0 1.0 1.0 1.0 1.0 0.0 1.0 1.0 1.0 1.0 1.0 1.0 1.0 1.0 1.0 1.0 1.0 1.0 2.0 1.0  # A6 (Medium)
58.8 64.4 73.2 60 150 1.0 1.0 1.0 1.0 1.0 1.0 0.0 1.0 1.0 1.0 1.0 1.0 1.0 1.0 1.0 1.0 1.0 1.0 2.0 1.0  # A7 (Medium)
65.8 69.2 79.2 60 150 1.0 1.0 1.0 1.0 1.0 1.0 1.0 0.0 1.0 1.0 1.0 1.0 1.0 1.0 1.0 1.0 1.0 1.0 2.0 1.0  # A8 (Medium)
69.5 75.4 85.6 60 150 1.0 1.0 1.0 1.0 1.0 1.0 1.0 1.0 0.0 1.0 1.0 1.0 1.0 1.0 1.0 1.0 1.0 1.0 2.0 1.0  # A9 (Medium)
56.7 61.1 73.4 60 150 1.0 1.0 1.0 1.0 1.0 1.0 1.0 1.0 1.0 0.0 1.0 1.0 1.0 1.0 1.0 1.0 1.0 1.0 2.0 1.0  # A10 (Medium)
73.4 77.0 86.7 60 150 1.0 1.0 1.0 1.0 1.0 1.0 1.0 1.0 1.0 1.0 0.0 1.0 1.0 1.0 1.0 1.0 1.0 1.0 2.0 1.0  # A11 (Medium)
74.0 76.3 87.5 60 150 1.0 1.0 1.0 1.0 1.0 1.0 1.0 1.0 1.0 1.0 1.0 0.0 1.0 1.0 1.0 1.0 1.0 1.0 2.0 1.0  # A12 (Medium)
100.7 110.3 120.6 100 200 2.0 1.5 2.0 2.0 1.5 2.0 2.0 2.0 2.0 2.0 2.0 2.0 0.0 1.5 2.0 2.0 1.5 2.0 3.0 1.5  # A13 (Heavy)
15.9 22.7 36.6 100 200 2.0 1.5 2.0 2.0 1.5 2.0 2.0 2.0 2.0 2.0 2.0 2.0 1.5 0.0 2.0 2.0 1.5 2.0 3.0 1.5  # A14 (Heavy)
69.5 74.4 84.7 60 150 1.0 1.0 1.0 1.0 1.0 1.0 1.0 1.0 1.0 1.0 1.0 1.0 1.0 1.0 0.0 1.0 1.0 1.0 2.0 1.0  # A15 (Medium)
60.9 66.6 75.1 60 150 1.0 1.0 1.0 1.0 1.0 1.0 1.0 1.0 1.0 1.0 1.0 1.0 1.0 1.0 1.0 0.0 1.0 1.0 2.0 1.0  # A16 (Medium)
20.2 27.3 37.0 100 200 2.0 1.5 2.0 2.0 1.5 2.0 2.0 2.0 2.0 2.0 2.0 2.0 1.5 1.5 2.0 2.0 0.0 2.0 3.0 1.5  # A17 (Heavy)
14.3 18.9 28.6 60 150 1.0 1.0 1.0 1.0 1.0 1.0 1.0 1.0 1.0 1.0 1.0 1.0 1.0 1.0 1.0 1.0 1.0 0.0 2.0 1.0  # A18 (Medium)
23.0 29.6 37.5 30 80 1.0 1.0 1.0 1.0 1.0 1.0 1.0 1.0 1.0 1.0 1.0 1.0 1.0 1.0 1.0 1.0 1.0 1.0 0.0 1.0  # A19 (Light)
16.9 21.2 34.1 100 200 2.0 1.5 2.0 2.0 1.5 2.0 2.0 2.0 2.0 2.0 2.0 2.0 1.5 1.5 2.0 2.0 1.5 2.0 3.0 0.0  # A20 (Heavy)
